Key;English;French;German;Polish;Spanish;Italian;Swedish;Czech;Hungarian;Dutch;Portuguese;Russian;Finnish;
#translate notes;x = EN, FR, DE, IT controlled;y = as well as ES, PL, RU;z = …and PT;;;;;;;;;;;
AAA;The Observer;L'Observateur;Der Beobachter;Obserwator;El Observador;L'Osservatore;A megfigyelõ;Pozorovatel;A megfigyelõ;De waarnemer;O observador;Íàáëşäàòåëü;Tarkkailija;
AAA_ADJ;Observing;Observante;Beobachtend;Obserwowaæ;Observante;Osservante;megfigyelése;Pozorování;megfigyelése;Observeren;Observando;Íàáëşäàòåëÿ;tarkkailemalla;
AAA_PARTY;The Observing Faction;La faction observatrice;Die beobachtende Fraktion;Frakcja obserwuj¹ca;La facción observadora;La Fazione che Osserva;A megfigyelõ frakció;Pozorovací frakce;A megfigyelõ frakció;De waarnemende factie;A Facção Observadora;Ôğàêöèÿ Íàáëşäàòåëåé;Tarkkaileva ryhmä;
ABE;Abenaki;Abénaquis;Abenaki;Abenacka;Abenaki;Abenachi;Abenaki;Abenaki;Abenaki;Abenaki;Abenaki;Àáåíàêè;Abenaki;
ABE_ADJ;Abenaki;Abénaqui;Abenaki;Abenaków;Abenaki;Abenaca;Abenaki;Abenaki;Abenaki;Abenaki;Abenaki;Àáåíàêñê.;Abenaki;
ABO;The Aborigines;Les Aborigènes;Die Ureinwohner;Aborygeni;Los aborigenes;Gli Aborigeni;A bennszülöttek;Domorodci;A bennszülöttek;De Aboriginals;Os aborígenes;Àáîğèãåíû;Aborigines;
ABO_ADJ;Aborigine;Aborigène;Ureinwohner-;Aborygeni;Aborigen;Aborigena;bennszülött;Domorodec;bennszülött;Inboorling;Aborígene;Àáîğèãåí;Alkuasukas;
ACH;Achaea;Achaïe;Achaea;Achaja;Acaya;Acaia;Achaea;Achaea;Achaea;Achaea;Acaia;Àõåèÿ;Achaea;
ACH_ADJ;Achaean;Achéen;Achäer;Achajskim;Acayan;Achea;Achaean;Achaean;Achaean;Achaean;Aqueo;Àõåéñê.;Achaean;
ADA;Adal;Adal;Adal;Adal;Adal;Adal;Adal;Adal;Adal;Adal;Adal;Àäàëü;Adal;
ADA_ADJ;Adal;d'Adal;Adal-;Adalu;Adalesa;di Adal;Adal;Adal;Adal;Adal;Adal;Àäàëüñê.;Adal;
ADO;Andorra;Andorre;Andorra;Andora;Andorra;Andorra;Andorra;Andorra;Andorra;Andorra;Andorra;àíäîğğà;Andorra;
ADO_ADJ;Andorran;Andorran;Andorranisch;Andorran;Andorranos;Andorrana;andorrai;Andorran;andorrai;Andorrese;Andorrana;Àíäîğğàíñê.;Andorran;
ADU;Andalusia;Andalousie;Andalusien;Andaluzja;Andalucía;Andalusia;Andalúzia;Andalusie;Andalúzia;Andalusië;Andaluzia;Àíäàëóñèÿ;Andalusia;
ADU_ADJ;Andalusian;Andalou;Andalusisch;Andaluzji;Andalusí;Andalusa;Andalúz;Andaluskı;Andalúz;Andalusisch;Andaluz;Àíäàëóññê.;Andalusian;
AES;Anglo-Saxony;Anglo-Saxe;Angelsachsen;Anglo-Saksonia;Anglosajona;Anglo-Sassonia;Angol-Szász;Anglosaské;Angol-Szász;Anglo-Saksen;Anglo-saxônia;Àíãëî-Ñàêñîíèÿ;Anglo-Saksi;
AES_ADJ;Anglo-Saxon;Anglo-saxon;Angelsächsisch;Anglosaski;anglosajón;Anglosassone;angolszász;Anglosaskı;angolszász;Angelsaksisch;Anglo-saxão;Àíãëîñàêñîíñê.;Anglosaksinen;
AFA;Afar;Afar;Afar;Afar;Afar;Afar;Afar;Afar;Afar;Afar;Afar;Àôàğ;Afar;
AFA_ADJ;Afar;Afar;Afar;Afar;Afar;di Afar;Afar;Afar;Afar;Afar;Afar;Àôàğ;Afar;
AGU;Anguilla;Anguilla;Anguilla;Anguilla;Anguila;Anguilla;Anguilla;Anguilla;Anguilla;Anguilla;Anguila;Àíãèëüÿ;Anguilla;
AGU_ADJ;Anguillean;Anguillais;Anguillanisch;Anguillean;Anguileano;Anguilliana;Anguillean;Anguillean;Anguillean;Anguillean;Anguilean;Àíãèëüñê.;Anguillean;
AJU;Ajuuraan;Ajuran;Ajuran;Ajuran;Ajuuraan;Agiuran;Ajuuraan;Ajuuraan;Ajuuraan;Ajuuraan;Ajuuraan;Àäæóğàí;Ajuuraan;
AJU_ADJ;Ajuuraan;Ajuran;Ajuran-;Ajuranu;Ajuuraana;Agiurana;Ajuuraan;Ajuuraan;Ajuuraan;Ajuuraan;Ajúuran;Àäæóğàíñê.;Ajuuraan;
AKK;Ak Koyunlu;Aq Qoyunlu;Aq Qoyunlu;Ak Kojunlu;Aq Qoyunlu;Ak Koyunlu;ak Koyunlu;Ak Koyunlu;ak Koyunlu;Ak Koyunlu;Aq Qoyunlu;Àê-Êîşíëó;ak Koyunlu;
AKK_ADJ;Ak Koyunlu;d'Aq Qoyunlu;Aq Qoyunlu-;Ak Kojunlu;Aq Qoyunlesa;di Ak Koyunlu;ak Koyunlu;Ak Koyunlu;ak Koyunlu;Ak Koyunlu;Ak Koyunlu;Àê-êîşíëóñê.;ak Koyunlu;
ALE;Alençon;Alençon;Alençon;Alençon;Alençon;Alençon;Alençon;Alençon;Alençon;Alençon;Alençon;Àëîíñîí;Alençon;
ALE_ADJ;Alençon;Alençonnais;Alençon-;Alençon;Alençon;Alençonese;Alençon;Alençon;Alençon;Alençon;Alençon;Àëîíñîí;Alençon;
ALH;Haasa;Haasa;Haasa;Al Hasa;Haasa;Haasa;Haasa;Haasa;Haasa;Haasa;Haasa;Õàñà;Haasa;
ALH_ADJ;Haasa;d'Haasa;Haasa-;Al Hasy;Haasa;di Haasa;Haasa;Haasa;Haasa;Haasa;Haasa;Õàññê.;Haasa;
ALI;the Alien Invaders;Les Envahisseurs Aliens;Die Ausländischen Einfäller;Alien Invaders;Invasores alienígenas;Gli Invasori Alieni;Alien Invaders;Alien Invaders;Alien Invaders;Alien Invaders;Invasores estrangeiros;Èíîïëàíåòíûå Çàõâàò÷èêè;Alien Invaders;
ALI_ADJ;Alien;Alien;Ausländer;obcy;extranjero;Aliena;idegen;cizinec;idegen;vreemdeling;alienígena;Èíîïëàíåòÿíèí;ulkomaalainen;
ALI_radical;Grey Faction;Faction des Gris;Fraktion der Grauen;Gray Faction;Grey Faction;Fazione Grigia;Szürke frakció;Šedá frakce;Szürke frakció;Gray Faction;Faction Gris;Ñåğàÿ Ôğàêöèÿ;Harmaa Faction;
ALI_communist;Exploit Faction;Faction de l'Exploit;Fraktion der Ausbeutung;Frakcja Exploit;Facción de la explotación;Fazione Sfruttamento;Az Exploit frakciója;Frakce vıvoje;Az Exploit frakciója;Faction of the Exploit;Faction of the Exploit;Èñïîëüçîâàòü Ôğàêöèş;Exploitin fraktio;
ALI_conservative;Green Faction;Faction des Verts;Fraktion der Grünen;Frakcja Zielonych;Facción de los Verdes;Fazione Verde;A Zöldek frakciója;Frakce zelenıch;A Zöldek frakciója;Faction of the Greens;Faction of the Greens;Çåëåíàÿ Ôğàêöèÿ;Vihreiden fraktio;
ALI_fascist;Synthetic Faction;Faction des Synthétiques;Fraktion der Syntheten;Frakcja Syntetycznych;Facción de los Sintéticos;Fazione Sintetica;A Szintetikus frakciója;Frakci syntetiky;A Szintetikus frakciója;Faction of the Synthetics;Faction of the Synthetics;Ôğàêöèÿ ×åğíîé Äûğû;Synteettisistä fraktio;
ALI_liberal;Yun Key Faction;Faction de Jean Qui;Fraktion von Jan Kih;Frakcja Yan Key;Facción de Yan Key;Fazione Gian Chi;Yan kulcs frakciója;Frakce Yan Key;Yan kulcs frakciója;Faction of Yan Key;Faction of Yan Key;Ôğàêöèÿ ßí Êû;Yan-avaimen fraktio;
ALI_reactionary;Xenu Faction;Faction de Xénou;Fraktion von Xenu;Frakcja Xenu;Facción de Xenu;Fazione Xenu;Xenu frakciója;Xenuova frakce;Xenu frakciója;Xenu's Faction;A facção de Xenu;Ôğàêöèÿ Êñåíó;Xenan fraktio;
ALI_socialist;Nordic Faction;Faction des Nordiques;Fraktion der Nördlichen;Frakcja Nordiques;Facción de los Nordiques;Fazione Nordica;A Nordiques frakciója;Frakce Nordiques;A Nordiques frakciója;Faction of the Nordiques;Faction of the Nordiques;Ñêàíäèíàâñêàÿ Ôğàêöèÿ;Nordiquesin fraktio;
ALL;The Caliphate;Le Califat;Das Kalifat;Kalifat;El Califato;Il Califfato;A Kalifátus;Kalifát;A Kalifátus;Het Kalifaat;O Califado;Õàëèôàò;Kalifaatti;
ALL_proletarian_dictatorship;Nation of Islam;Nation de l'Islam;Nation des Islam;Naród Islamu;Nacion del Islam;Nazione dell'Islam;Az Iszlám Nemzete;Národ Islámu;Az Iszlám Nemzete;Natie van de Islam;Nação do Islã;Íàöèÿ Èñëàìà;Islamin kansakunta;
ALL_fascist_dictatorship;Islamic State;État Islamique;Islamischer Staat;Pañstwo Islamskie;Estado Islámico;Stato Islamico;Iszlám Állam;Islámskı Stát;Iszlám Állam;Islamitische Staat;Estado Islâmico;Èñëàìñêîå Ãîñóäàğñòâî;Islamilainen valtio;
ALL_democracy;Islamic Republic;République Islamique;Islamische Republik;Republika Islamska;República Islámica;Repubblica Islamica;Iszlám Köztársaság;Islámská Republika;Iszlám Köztársaság;Islamitische Republiek;República Islâmica;Èñëàìñêàÿ Ğåñïóáëèêà;Islamilainen tasavalta;
ALL_ADJ;Islamic;Islamique;Islamisch;Islamski;Islámica;Islamica;Iszlám;Islámskı;Iszlám;Islamitisch;Islâmico;èñëàìñê.;islamilainen;
ALO;Alodia;Alodie;Alodien;Alodia;Alodia;Alodia;Alodia;Alodia;Alodia;Alodia;Alodia;Àëîäèÿ;Alwa tilan;
ALO_ADJ;Alodian;Alodien;Alodisch;Alodian;Alodiano;Alodiana;Alodian;Alodian;Alodian;Alodian;Alodiano;Àëîäèÿí;Alodian;
AMD;Ahmadnagar;Ahmadnagar;Ahmednagar;Ahmadnagar;Ahmadnagar;Ahmednagar;Ahmadnagar;Ahmadnagar;Ahmadnagar;Ahmadnagar;Amadnagar;Àõìàäíàãàğ;Ahmadnagar;
AMD_ADJ;Ahmadnagar;d'Ahmadnagar;Ahmednagar-;Ahmadnagaru;Ahmednagarana;di Ahmednagar;Ahmadnagar;Ahmadnagar;Ahmadnagar;Ahmadnagar;Ahmadnagar;Àõìàäíàãàğñê.;Ahmadnagar;
AMG;Armagnac;Armagnac;Armagnac;Armaniak;Armagnac;Armagnaco;Armagnac;Armagnac;Armagnac;Armagnac;Armanhaque;Àğìàíüÿê;Armagnac;
AMG_ADJ;Armagnac;Armagnacot;Armagnac-;Armaniaku;Armagnacesa;Armagnacca;Armagnac;Armagnac;Armagnac;Armagnac;Armagnac;Àğìàíüÿêñê.;Armagnac;
ANS;Ansbach;Ansbach;Ansbach;Ansbach;Ansbach;Ansbach;Ansbach;Ansbach;Ansbach;Ansbach;Ansbach;Àíñáàõ;Ansbach;
ANS_ADJ;Ansbachian;Ansbachien;Ansbacher;Ansbachu;Ansbachesa;Ansbachiana;Ansbachian;Ansbachian;Ansbachian;Ansbachian;Ansbachiano;Àíñáàõñê.;Ansbachian;
AOM_proletarian_dictatorship;Aomen;Aomen;Aomen;Aomen;Aomen;Aomen;Aomen;Aomen;Aomen;Aomen;Aomen;Àîìıíü;Aomen;
AOM_proletarian_dictatorship_ADJ;Aomen;d'Aomen;Aomen-;Aomensk.;de Aomen;di Aomen;Aomen;Aomen;Aomen;Aomen;de Aomen;àîìıíüñê.;Aomen;
APA;Apache;Apaches;Apachen;Apacze;Apache;Apaci;Apache;Apache;Apache;Apache;Apache;Àïà÷è;Apache;
APA_ADJ;Apache;Apache;Apache;Apaczów;Apache;Apaci;Apache;Apache;Apache;Apache;Apache;Àïà÷ñê.;Apache;
AQU;Aquileia;Aquilée;Aglar;Akwilei;Aquileia;Aquileia;Aquileia;Aquileia;Aquileia;Aquileia;Aquileia;Àêâóèëåèà;Aquileia;
AQU_ADJ;Aquileian;Aquiléais;Aglarisch;Akwilei;Aquileano;Aquileiese;Aquileian;Aquileian;Aquileian;Aquileian;Aquileano;Àêâèëåéñêîé;Aquileian;
ARD;Ardalan;Ardalan;Ardalan;Ardalan;Ardalán;Ardalan;Ardalan;Ardalan;Ardalan;Ardalan;Ardalan;Àğäàëàí;Ardalan;
ARD_ADJ;Ardalani;Ardalanais;Ardalan-;Ardalanu;Ardalán;Ardalana;Ardalani;Ardalani;Ardalani;Ardalani;Ardalani;Àğäàëàíñê.;Ardalani;
ARK;Arakan;Arakan;Arakan;Arakan;Arakan;Arakan;Arakan;Arakan;Arakan;Arakan;Arracão;Àğàêàí;Arakan;
ARK_ADJ;Arakan;Arakanais;Arakan-;Arakanu;Arakanesa;Aracanese;Arakan;Arakan;Arakan;Arakan;Arakan;Àğàêàíñê.;Arakan;
ARW;Arawak;Aroüagues;Arawak;Arawak;Arawak;Aruachi;Arawak;Arawak;Arawak;Arawak;Arawak;Àğàâàê;Arawak;
ARW_ADJ;Arawak;Aroüague;Arawak;Arawak;Arawak;Aruaca;Arawak;Arawak;Arawak;Arawak;Arawak;Àğàâàê;Arawak;
ASA;Asakura;Asakura;Asakura;Asakura;Asakura;Asakura;Asakura;Asakura;Asakura;Asakura;Asakura;Àñàêóğà;Asakura;
ASA_ADJ;Asakura;d'Asakura;Asakura-;Asakury;Asakura;di Asakura;Asakura;Asakura;Asakura;Asakura;Asakura;Àñàêóğñê.;Asakura;
ASI;Assiniboine;Assiniboines;Assiniboine;Assiniboinowie;Assiniboine;Assiniboine;Assiniboine;Assiniboine;Assiniboine;Assiniboine;Assiniboine;Àññèíèáîéíû;Assiniboine;
ASI_ADJ;Assiniboine;Assiniboine;Assiniboine-;Assiniboinów;Assiniboine;di Assiniboine;Assiniboine;Assiniboine;Assiniboine;Assiniboine;Assiniboine;Àññèíèáîéíñê.;Assiniboine;
ATH;Athens;Athènes;Athen;Ateny;Atenas;Atene;Athén;Athény;Athén;Athene;Atenas;Àôèíû;Ateena;
ATH_ADJ;Athenian;Athénien;Athenisch;Aten;Ateniense;Ateniese;athéni;aténská;athéni;Atheens;ateniense;Àôèíñê.;ateenalainen;
AUR;Läßinia;Läßinia;Läßinien;Läßinia;Läßinia;Läßinia;Läßinia;Läßinia;Läßinia;Läßinia;Läßinia;Ëıññèíèÿ;Läßinia;
AUR_ADJ;Läßin;Läßin;Läßein;Läßin;Läßin;Läßina;Läßin;Läßin;Läßin;Läßin;Läßin;Ëıññèíñê.;Läßin;
AUV;Auvergne;Auvergne;Auvergne;Owernia;Auvernia;Alvernia;Auvergne;Auvergne;Auvergne;Auvergne;Auvérnia;Îâåğíü;Auvergne;
AUV_ADJ;Auvergnat;Auvergnat;Auvergne-;Owerni;Auvernia;Alverniese;Auvergnese;Auvergnese;Auvergnese;Auvergnese;Auvergnese;Îâåğíñê.;Auvergnese;
AVA;Ava;Ava;Ava;Ava;Ava;Ava;Ava;Ava;Ava;Ava;Ava;Àâà;ava;
AVA_ADJ;Ava;d'Ava;Ava-;Avy;Avana;di Ava;Ava;Ava;Ava;Ava;Ava;Àâàíñê.;ava;
AVI;Avignon;Avignon;Avignon;Awinion;Aviñón;Avignone;Avignon;Avignon;Avignon;Avignon;Avinhão;Àâèíüîí;Avignon;
AVI_ADJ;Avignonnais;Avignonnais;Avignon-;Awinionu;Aviñonesa;Avignonese;Avignonese;Avignonese;Avignonese;Avignonese;Avignonese;Àâèíüîíñê.;Avignonese;
AYD;Aydin;Aÿdin;Aydin;Aydin;Aydin;Aydin;Aydin;Aydin;Aydin;Aydin;Aydin;Àéäûí;Aydin;
AYD_ADJ;Aydinid;Aÿdinide;Aydinid;Aydinid;Aydinid;Aydinide;Aydinid;Aydinid;Aydinid;Aydinid;Aydinid;Àûäèíèä;Aydinid;
AYR;Air;Aïr;Air;Air;Air;Air;Levego;Vzduch;Levego;Lucht;Air;Àãàäåñ;ilma;
AYR_ADJ;Air;de l'Aïr;Air-;Airu;Air;di Air;Levego;Vzduch;Levego;Lucht;Air;Àãàäåññê.;ilma;
AZT;The Aztec;Les Aztèques;Die Azteken;Aztekowie;Los Aztecas;Gli Aztechi;az azték;aztéckı;az azték;de Azteekse;Asteca;Àöòåêè;atsteekkien;
AZT_ADJ;Aztec;Aztèque;Aztekisch;Azteków;Azteca;Azteca;azték;aztéckı;azték;Aztec;asteca;Àöòåêñê.;aztec;
BARB_radical;The Hunnic Faction;Faction Hunnique;Hunnische Fraktion;The Hunnic Faction;La facción Hunnic;Fazione degli Unni;A hunnik frakció;Hunní frakce;A hunnik frakció;The Hunnic Faction;The Hunnic Faction;Ôóíäàìåíò Õóííè;Hunnic Faction;
BARB_communist;The Scythian Faction;Faction Scythe;Skythische Fraktion;Frakcja scytyjska;La facción escita;Fazione degli Sciti;A szkítikus frakció;Scythian frakce;A szkítikus frakció;De Scythische factie;A facção cítia;Ñêèôñêàÿ ôğàêöèÿ;Scythian fraktio;
BARB_conservative;Wodan’s Faction;Faction de Wodan;Wodans Fraktion;Frakcja Wodana;Facción de Wodan;Fazione di Odino;Wodan frakciója;Wodanova frakce;Wodan frakciója;Wodan's Faction;A facção de Wodan;Ôğàêöèÿ Âîäàíà;Wodanin fraktio;
BARB_conservative_2;The Gothic Faction;Faction Gothique;Gotische Fraktion;Gothic Faction;La facción gótica;Fazione dei Goti;A gótikus frakció;Gotická frakce;A gótikus frakció;De gotische factie;A facção gótica;Ãîòè÷åñêàÿ ôğàêöèÿ;Goottilainen fraktio;
BARB_conservative_3;The Lombard Faction;Faction Lombarde;Lombardische Fraktion;The Lombard Faction;La facción lombarda;Fazione dei Longobardi;A Lombard Frakció;Lombardská frakce;A Lombard Frakció;De Lombard-factie;A facção lombarda;Ëîìáàğäíàÿ ôğàêöèÿ;Lombard-fraktio;
BARB_fascist;The Party of the Dux;Le Parti du Dux;Die Partei des Duxen;Partia Dux;La fiesta del Dux;Partito dei Duci;A Dux pártja;Strana Dux;A Dux pártja;De partij van de Dux;O Partido do Dux;Ïàğòèÿ Äóêñà;Duxin puolue;
BARB_liberal;The Party of Belisarius;Le Parti de Bélisaire;Die Partei von Belisarius;Partia Belizariusza;La fiesta de Belisario;Partito di Belisario;Belisarius pártja;Strana Belisarius;Belisarius pártja;De partij van Belisarius;O Partido de Belisário;Ïàğòèÿ Âåëèçàğèÿ;Belisariuksen puolue;
BARB_liberal_2;The Party of Totila;Le Parti de Totila;Die Partei von Totila;Partia Totila;La fiesta de Totila;Partito di Totila;A Totila pártja;Strana Totila;A Totila pártja;De partij van Totila;O Partido de Totila;Ïàğòèÿ Òîòèëà;Totilan puolue;
BARB_liberal_3;The Party of Karl;Le Parti de Charles;Die Partei von Karl;Partia Karola;La fiesta de Karl;Partito di Carlo;Karl pártja;Strana Karla;Karl pártja;De partij van Karl;O Partido de Karl;Ïàğòèÿ Êàğëà;Karlin puolue;
BARB_reactionary;Old Customs’ Faction;Les Anciennes Mœurs;Fraktion der alten Sitten;Stara Frakcja Celna;Facción de Old Customs;Fazione dei Costumi Antichi;Régi Vámok Frakciója;Fráze starıch celníkù;Régi Vámok Frakciója;De factie van de oude douane;Faculdade de Alfândega antiga;Ñòàğàÿ òàìîæåííàÿ ôğàêöèÿ;Vanhan tullin fraktio;
BARB_socialist;The Red Horde;La Horde Rouge;Die Rote Horde;Czerwona Horda;La Horda Roja;L'Orda Rossa;A Vörös Horda;Èervená horda;A Vörös Horda;De rode horde;A Horda Vermelha;Êğàñíàÿ Îğäà;Punainen Horde;
BARB_socialist_2;The Red Senate;Le Sénat Rouge;Der Rote Senat;Czerwony Senat;El Senado rojo;Il Senato Rosso;A Vörös Szenátus;Èervenı senát;A Vörös Szenátus;De rode senaat;O Senado Vermelho;Êğàñíûé Ñåíàò;Punainen senaatti;
BARB_socialist_3;The Red Faction;La Faction Rouge;Die Rote Fraktion;Czerwona frakcja;La facción roja;La Fazione Rossa;A Red Faction;Èervená frakce;A Red Faction;De rode factie;The Red Faction;Êğàñíàÿ ôğàêöèÿ;Red Faction;
BBD;Barbados;La Barbade;Barbados;Barbados;Barbados;Barbados;Barbados;Barbados;Barbados;Barbados;Barbados;Áàğáàäîñ;Barbados;
BBD_ADJ;Barbadian;Barbadien;Barbadisch;Barbadia;Barbadense;Barbadiana;barbadosi;Barbadskı;barbadosi;Barbadaans;Barbadense;Áàğáàäîññê.;Barbadoksen;
BER;Beroda;Béroda;Beroda;Beroda;Beroda;Beroda;Beroda;Beroda;Beroda;Beroda;Baroda;Áåğîäà;Beroda;
BER_ADJ;Berodan;Bérodien;Beroda-;Berodan;Berodan;Berodana;Berodan;Berodan;Berodan;Berodan;Berodan;Áåğîäàí;Berodan;
BGL;Bagelkhand;Bagelkhand;Baghelkhand;Bagelkhand;Bagelkhand;Bagelkhand;Bagelkhand;Bagelkhand;Bagelkhand;Bagelkhand;Bagelkhand;Áàãåëêõàíä;Bagelkhand;
BGL_ADJ;Bagelkhandi;du Bagelkhand;Baghelkhand-;Bagelkhandi;Bagelkhandi;del Bagelkhand;Bagelkhandi;Bagelkhandi;Bagelkhandi;Bagelkhandi;Bagelkhandi;Áàãåëêõàíäè;Bagelkhandi;
BIJ;Bijapur;Bijapur;Bijapur;BidŸapur;Bijapur;Bijapur;Bijapur;Bijapur;Bijapur;Bijapur;Bijapur;Áèäæàïóğ;Bijapur;
BIJ_ADJ;Bijapuri;de Bijapur;Bijapur-;BidŸapuru;Bijapur;del Bijapur;Bijapuri;Bijapuri;Bijapuri;Bijapuri;Bijapuri;Áèäæàïóğñê.;Bijapuri;
BLA;Blackfoot;Pieds-Noirs;Schwarzfuß;Czarne Stopy;Pies Negros;Piedi-Neri;Blackfoot;Blackfoot;Blackfoot;Blackfoot;Blackfoot;×åğíîíîãèå;Blackfoot;
BLA_ADJ;Blackfoot;des Pieds-Noirs;Schwarzfuß-;Czarnych Stóp;Pies Negros;dei Piedi-Neri;Blackfoot;Blackfoot;Blackfoot;Blackfoot;Blackfoot;×åğíîíîã;Blackfoot;
BLM;Blambangan;Blambangan;Blambangan;Blambangan;Blambangan;Blambangan;Blambagan;Blambagan;Blambagan;Blambagan;Blambangan;Áëàìáàíãàí;Blambagan;
BLM_ADJ;Blambangani;Blambanganais;Blambangan-;Blambanganu;Blambangana;del Blambangan;Blambagani;Blambagani;Blambagani;Blambagani;Blambagani;Áëàìáàíãàíñê.;Blambagani;
BNT;Banten;Banten;Bantam;Banten;Banten;Banten;Banten;Banten;Banten;Banten;Banten;Áàíòåí;Banten;
BNT_ADJ;Banten;Bantenais;Bantam-;Bantenu;Banten;di Banten;Banten;Banten;Banten;Banten;Banten;Áàíòåíñê.;Banten;
BOU;Bourbonnais;Bourbonnais;Bourbonnais;Burbonia;Bourbonnais;Borbonese;Bourbonnais;Bourbonnais;Bourbonnais;Bourbonnais;Burbônia;Áóğáîí;Bourbonnais;
BOU_ADJ;Bourbonnais;Bourbonnais;Bourbonnais-;Burbonii;Bourbonnais;Borbonese;Bourbonnais;Bourbonnais;Bourbonnais;Bourbonnais;Bourbonnais;Áóğáîíñê.;Bourbonnais;
BRR;Berar;Bérar;Berar;Berar;Berar;Berar;Berar;Berar;Berar;Berar;Berar;Áåğàğ;Berar;
BRR_ADJ;Berar;du Bérar;Berar-;Beraru;Berar;del Berar;Berar;Berar;Berar;Berar;Berar;Áåğàğñê.;Berar;
BSG;Basoga;Basoga;Basoga;Basoga;Basoga;Basoga;Basoga;Basoga;Basoga;Basoga;Busoga;Áàñîãà;Basoga;
BSG_ADJ;Basoga;de Basoga;Basoga-;Basoga;Basoga;di Basoga;Basoga;Basoga;Basoga;Basoga;Basoga;Áàñîãà;Basoga;
BTS;Betsimisaraka;Betsimisaraka;Betsimisaraka;Betsimisaraka;Betsimisaraka;Betsimisaraka;Betsimisaraka;Betsimisaraka;Betsimisaraka;Betsimisaraka;Betsimisaraka;Áåöèìàğàêà;Betsimisaraka;
BTS_ADJ;Betsimisaraka;de Betsimisaraka;Betsimisaraka-;Betsimisaraków;de Betsimisaraka;di Betsimisaraka;Betsimisaraka;Betsimisaraka;Betsimisaraka;Betsimisaraka;Betsimisaraka;Áåöèìàğàêàíñê.;Betsimisaraka;
CAD;Caddo;Caddos;Caddo;Caddo;Caddo;Caddo;caddo;Caddo;caddo;Caddo;Caddo;Êıääî;caddo;
CAD_ADJ;Caddo;des Caddos;Caddo-;Caddo;Caddo;di Caddo;caddo;Caddo;caddo;Caddo;Caddo;Êıääñê.;caddo;
CAY;Cayenne;Cayenne;Cayenne;Cayenne;Cayena;Caienna;Cayenne;Cayenne;Cayenne;Cayenne;Caiena;Êàéåííà;cayennenpippuri;
CAY_ADJ;Cayenne;Cayennaise;Cayenne-;Cayeñsk.;de Cayena;di Caienna;Cayenne-i;Cayenne;Cayenne-i;Cayenne;de Caiena;êàéåíñê.;cayennenpippuri;
CCW;Choctaw;Tchactas;Choctaw;Czoktawowie;Choctaw;Choctaw;csoktó;Choctaw;csoktó;Choctaw;Choctaw;×îêòî;Choctaw;
CCW_ADJ;Choctaw;des Tchactas;Choctaw;Czoktawów;Choctaw;di Choctaw;csoktó;Choctaw;csoktó;Choctaw;Choctaw;×îêòîñê.;Choctaw;
CGO_parliamentary_republic;the Republic of Congo;République du Congo;Die Republik Kongo;Republika Konga;la República del Congo;Repubblica del Congo;a Kongói Köztársaság;Konskou republikou;a Kongói Köztársaság;de Republiek Congo;a República do Congo;Ğåñïóáëèêà Êîíãî;Kongon tasavalta;
CGO_democracy;the Republic of Congo;République du Congo;Die Republik Kongo;Republika Konga;la República del Congo;Repubblica del Congo;a Kongói Köztársaság;Konskou republikou;a Kongói Köztársaság;de Republiek Congo;a República do Congo;Ğåñïóáëèêà Êîíãî;Kongon tasavalta;
CGO_fascist_dictatorship;the Republic of Congo;République du Congo;Die Republik Kongo;Republika Konga;la República del Congo;Repubblica del Congo;a Kongói Köztársaság;Konskou republikou;a Kongói Köztársaság;de Republiek Congo;a República do Congo;Ğåñïóáëèêà Êîíãî;Kongon tasavalta;
CGO_presidential_dictatorship;the Republic of Congo;République du Congo;Die Republik Kongo;Republika Konga;la República del Congo;Repubblica del Congo;a Kongói Köztársaság;Konskou republikou;a Kongói Köztársaság;de Republiek Congo;a República do Congo;Ğåñïóáëèêà Êîíãî;Kongon tasavalta;
CHE;Cherokee;Cheyennes;Cheyenne;Czejenowie;Cheyenne;Cheyenne;Cheyenne;Cheyenne;Cheyenne;Cheyenne;Cheyenne;Øàéåííû;Cheyenne;
CHE_ADJ;Cherokee;Cheyenne;Cheyenne-;Czejenów;Cheyenne;dei Cheyenne;Cheyenne;Cheyenne;Cheyenne;Cheyenne;Cheyenne;Øàéåííñê.;Cheyenne;
CHM;Chimu;Chimu;Chimú;Chimu;Chimu;Chimù;Chimu;Chimú;Chimu;Chimu;Chimú;×èìó;Chimu;
CHM_ADJ;Chimu;de Chimu;Chimú-;Chimu;Chimu;di Chimù;Chimu;Chimú;Chimu;Chimu;Chimu;×èìóñê.;Chimu;
CHN;Chickasaw;Chicachas;Chickasaw;Czikasawowie;Chickasaw;Chickasaw;Chickasaw;Chickasaw;Chickasaw;Chickasaw;Chickasaw;×èêàñî;Chickasaw;
CHN_ADJ;Chickasaw;Chicacha;Chickasaw-;Czikasawów;Chickasaw;di Chickasaw;Chickasaw;Chickasaw;Chickasaw;Chickasaw;Chickasaw;×èêàñàâñê.;Chickasaw;
CKW;Chokwe;Tchokwés;Tschokwe;Czokwe;Chokwe;Chokwe;csokve;Chokwe;csokve;Chokwe;Chócue;×îêâå;Chokwe;
CKW_ADJ;Chokwe;Tchokwé;Tschokwe-;Czokwe;Chokwe;di Chokwe;csokve;Chokwe;csokve;Chokwe;Chokwe;×îêâåíñê.;Chokwe;
CND;Candar;Candar;Dschandar;Kandar;Candar;Candar;Candar;Candar;Candar;Candar;Candar;Äæàíäàğ;Candar;
CND_ADJ;Candarid;Candaride;Dschandarid;Kandaru;Candar;Candaride;Candarid;Candarid;Candarid;Candarid;Candarid;Äæàíäàğñê.;Candarid;
CNN;Connacht;Connacht;Connacht;Connaught;Connacht;Connacht;Connacht;Connacht;Connacht;Connacht;Connacht;Öîííà÷ò;Connacht;
CNN_ADJ;Connachtian;du Connacht;Connacht-;Connachtian;Connachtian;del Connacht;Connachtian;Connachtian;Connachtian;Connachtian;Connachtian;Öîííà÷òèàí;Connachtian;
COM;Comanche;Comanches;Komantsche;Komancze;Comanche;Comanche;Comanche;Comanche;Comanche;Comanche;Comanche;Êîìàí÷è;Comanche;
COM_ADJ;Comanche;Comanche;Komantsch;Komanczów;Comanche;dei Comanche;Comanche;Comanche;Comanche;Comanche;Comanche;Êîìàí÷ñê.;Comanche;
CPG;Champagne;Champagne;Champagner;Szampania;Champaña;Sciampagna;Pezsgo;Šampanské;Pezsgo;Champagne;Champanha;Øàìïàíü;Samppanja;
CPG_ADJ;Champagnan;Champenois;Champagne-;Szampanii;Champañesa;Sciampana;Champagnan;Champagnan;Champagnan;Champagnan;Champagnan;Øàìïàíñê.;Champagnan;
CPV;Cape Verde;Cap-Vert;Kap Verde;Wyspy Zielonego Przyl¹dka;Cabo Verde;Capo Verde;Zöld-Fok;Kapverdy;Zöld-Fok;Kaapverdië;Cabo Verde;Êàáî-Âåğäå;Kap Verde;
CPV_ADJ;Cape Verdean;Cap-Verdien;Kapverdisch;Republika Zielonego Przyl¹dka;Cabo Verde;di Capo Verde;Zöld-foki-szigetek;Cape Verdean;Zöld-foki-szigetek;Kaapverdisch;Cabo verdiana;Êàáî-Âåğäå;Kap Verdean;
CRK;Creek;Creeks;Creek;Krikowie;Creek;Creek;Patak;zátoka;Patak;Kreek;Creek;Êğèê;Puro;
CRK_ADJ;Creek;des Creeks;Creek-;Krików;Creek;dei Creek;Patak;zátoka;Patak;Kreek;Creek;Êğèêñê.;Puro;
CSH;The Shun Dynasty;Dynastie Shun;Die Shun-Dynastie;Shun Dynasty;La Dinastía Shun;Dinastia Shun;Shun-dinasztia;Shun dynastie;Shun-dinasztia;de Shun-dynastie;A Dinastia Shun;Øóíü;Shun Dynasty;
CSH_ADJ;Shun;Shun;Shun-;Shunów;Shun;degli Shun;Kitér;vyhıbat se;Kitér;Vlieden;Fugir;Øóíüñê.;Karttaa;
CSH_democracy;The Republic of Shun;République des Shuns;Die Shun-Republik;Republika Shun;La República de Shun;Repubblica degli Shun;Köztársaság Shun;Republiky Shun;Köztársaság Shun;de Republiek Shun;A República de Shun;Ğåñïóáëèêà Øóíü;tasavallan Shun;
CSH_proletarian_dictatorship;The People's Republic of Shun;République Populaire des Shuns;Die Shun-Volksrepublik;Chiñska Republika Ludowa Shun;La República Popular de Shun;Repubblica Popolare degli Shun;A Népköztársaság Shun;z Shun lidové republiky;A Népköztársaság Shun;de Volksrepubliek Shun;A República Popular de Shun;Íàğîäíàÿ Ğåñïóáëèêà Øóíü;kansantasavallan Shun;
CSK;Chosokabe;Chosokabe;Chosokabe;Chosokabe;Chosokabe;Chosokabe;Chosokabe;Chosokabe;Chosokabe;Chosokabe;Chosokabe;Ò¸ñîêàáı;Chosokabe;
CSK_ADJ;Chosokabe;de Chosokabe;Chosokabe-;Chosokabe;Chosokabe;di Chosokabe;Chosokabe;Chosokabe;Chosokabe;Chosokabe;Chosokabe;Ò¸ñîêàáıñê;Chosokabe;
CST;Castille;Castille;Kastilien;Kastylia;Castilla;Castiglia;Castilla;Castille;Castilla;Castille;Castela;Êàñòèëèÿ;Castille;
CST_ADJ;Castilian;Castillan;Kastilisch;Kastylii;Castellana;Castigliana;kasztíliai;Castilian;kasztíliai;Castiliaans;Castelhano;Êàñòèëüñê.;kastilialainen;
CUR;Curaçao;Curaçao;Curaçao;Curaçao;Curazao;Curaçao;Curaçao;Curaçao;Curaçao;Curacao;Curaçao;Êşğàñàî;Curaçao;
CUR_ADJ;Curaçao;Curacien;Curaçao-;Curaçao;Curazao;di Curaçao;Curaçao;Curaçao;Curaçao;Curacao;Curaçao;Êşğàñàî;Curaçao;
CWU;The Wu Dynasty;Dynastie Wu;Die Wu-Dynastie;Wu Dynasty;La dinastía Wu;Dinastia Wu;A Wu-dinasztia;Wu Dynasty;A Wu-dinasztia;de Wu-dynastie;A Dinastia Wu;Äèíàñòèÿ Âó;Wu Dynasty;
CWU_ADJ;Wu;Wu;Wu-;Wu;Wu;Wu;Wu;Wu;Wu;Wu;Wu;Âó;Wu;
CWU_democracy;The Republic of Wu;République des Wus;Die Wu-Republik;Republika Wu;La república de Wu;Repubblica degli Wu;Köztársaság Wu;Republiky Wu;Köztársaság Wu;de Republiek Wu;A república de Wu;Ğåñïóáëèêà Âó;tasavallan Wu;
CWU_proletarian_dictatorship;The People's Republic of Wu;République Populaire des Wus;Die Wu-Volksrepublik;Chiñska Republika Ludowa Wu;La República Popular de Wu;Repubblica Popolare degli Wu;A Népköztársaság Wu;Wu lidové republiky;A Népköztársaság Wu;de People's Republic of Wu;A República Popular da China;Íàğîäíàÿ Ğåñïóáëèêà Âó;kansantasavallan Wu;
CXI;The Xi Dynasty;Dynastie Xi;Die Xi-Dynastie;Xi Dynasty;La Dinastía Xi;Dinastia Xi;Az Xi-dinasztia;Xi Dynasty;Az Xi-dinasztia;de Xi-dynastie;A Dinastia Xi;Ñè;Xi Dynasty;
CXI_ADJ;Xi;Xi;Xi-;Xiów;Xi;Xi;Xi;xi;Xi;Xi;XI;Ñèéñê.;Xi;
CXI_democracy;The Republic of Xi;République des Xis;Die Xi-Republik;Republika Xi;La República de Xi;Repubblica degli Xi;Köztársaság Xi;Republiky Xi;Köztársaság Xi;de Republiek Xi;A República de Xi;Ğåñïóáëèêà Õè;tasavallan Xi;
CXI_proletarian_dictatorship;The People's Republic of Xi;République Populaire des Xis;Die Xi-Volksrepublik;Republiki Ludowej Xi;La República Popular de Xi;Repubblica Popolare degli Xi;A Népköztársaság Xi;Xi lidové republiky;A Népköztársaság Xi;de People's Republic of Xi;República Popular da Xi;Íàğîäíàÿ Ğåñïóáëèêà Õè;kansantasavallan Xi;
DAU;Dauphiné;Dauphiné;Delfinat;Delfinat;Delfinado;Delfinato;Dauphiné;Dauphiné;Dauphiné;Dauphiné;Delfinado;Äîôèíå;Dauphiné;
DAU_ADJ;Dauphiné;Dauphinais;Delfinat-;Delfinatu;Delfinada;Delfinese;Dauphiné;Dauphiné;Dauphiné;Dauphiné;Dauphiné;Äîôèíñê.;Dauphiné;
DEC;Deccan;Deccan;Dekkan;Dekan;Deccan;Deccan;Dekkán;Deccan;Dekkán;Deccan;Decã;Äåêàí;Deccan;
DEC_ADJ;Deccan;Deccanais;Dekkan-;Dekanu;Deccani;del Deccan;Dekkán;Deccan;Dekkán;Deccan;Deccan;Äåêàíñê.;Deccan;
DJI;Djibouti;Djibouti;Dschibuti;D¿ibuti;Djibouti;Gibuti;Dzsibuti;Dibuti;Dzsibuti;Djibouti;Djibouti;Äæèáóòè;Djibouti;
DJI_ADJ;Djibouti;Djiboutien;Dschibutisch;D¿ibuti;Djibouti;Gibutiana;Dzsibuti;Dibuti;Dzsibuti;Djibouti;Djibouti;Äæèáóòè;Djibouti;
DKU;The Don-Kuban Union;L'Union du Don-Kouban;Die Don-Kuban-Union;Unia Don-Kuban;La Unión Don-Kuban;Unione Don-Kuban;A Don-Kuban Unió;Don-Kubanská unie;A Don-Kuban Unió;De Don-Kuban Unie;União Don-Kuban;Äîí-Êóáàíñêèé ñîşç;Don-Kuban-unioni;
DKU_ADJ;Don-Kuban;Don-Koubannais;Don-Kuban-;Don-Kuban;Don-Kuban;del Don-Kuban;Don-Kuban;Don-Kuban;Don-Kuban;Don-Kuban;Don-Kuban;Äîí-Êóáàíü;Don-Kuban;
DLH;Delhi;Délhi;Delhi;Delhi;Delhi;Delhi;Delhi;Delhi;Delhi;Delhi;Delí;Äåëè;Delhi;
DLH_ADJ;Delhian;Délhien;Delhi-;Delhi;Delhi;Delhiana;Delhian;Delhian;Delhian;Delhian;Delhian;Äåëèéñê.;Delhian;
DMN;Dominica;Dominique;Dominica;Dominika;Dominica;Dominica;Dominika;Dominikou;Dominika;Dominica;Dominica;Äîìèíèêà;dominica;
DMN_ADJ;Dominican;Dominicain;Dominicanisch;dominikañski;dominicano;Dominicano;dominikánus;Dominikán;dominikánus;dominicaans;Dominicano;äîìèíèêàíñê.;Dominikaaninen;
DMS;Desmond;Desmond;Desmond;Desmond;Desmond;Desmond;Desmond;Desmond;Desmond;Desmond;Desmond;Äåñìîíä;Desmond;
DMS_ADJ;Desmondian;du Desmond;Desmond-;Desmond;de Desmond;del Desmond;Desmondian;Desmondian;Desmondian;Desmondian;Desmondian;Äåñìîíäñê.;Desmondian;
DTE;Date;Date;Date;Date;Date;Date;találka;Datum;találka;Datum;Date;Äàòı;Treffi;
DTE_ADJ;Date;du Date;Date-;Date;Date;di Date;találka;Datum;találka;Datum;Date;Äàòıñê.;Treffi;
DTT;Dithmarschen;Dithmarse;Dithmarschen;Dithmarschen;Dithmarschen;Dithmarschen;Dithmarschen;Dithmarschen;Dithmarschen;Dithmarschen;Dithmarschen;Äèòìàğøåí;Dithmarschen;
DTT_ADJ;Dithmarscher;Dithmarsien;Dithmarscher;Dithmarschen;de Dithmarschen;di Dithmarschen;Dithmarscher;Dithmarscher;Dithmarscher;Dithmarscher;Dithmarscher;Äèòìàğøåíñê.;Dithmarscher;
DUL;Dulkadir;Dulkadir;Dulkadir;Dulkadir;Dulkadir;Dulkadir;Dulkadir;Dulkadir;Dulkadir;Dulkadir;Dulcadir;Äóëêàäèğèäû;Dulkadir;
DUL_ADJ;Dulkadirid;Dulkadiride;Dulkadirid;Dulkadiru;Dulkadir;Dulkadiride;Dulkadirid;Dulkadirid;Dulkadirid;Dulkadirid;Dulkadirid;Äóëêàäèğñê.;Dulkadirid;
ENR;Britannia;Britannie;Britannien;Britannia;Britania;Britannia;Britannia;Britannia;Britannia;Britannia;Britannia;Áğèòàíèÿ;Britannia;
ENR_ADJ;Britannian;Britannique;Britannisch;Britannian;Britanno;Britanna;Britannian;Britannian;Britannian;Britannian;Britannian;Áğèòàíèñê.;Britannian;
EPI;Epirus;Épire;Epirus;Epir;Epiro;Epiro;Epirusz;Epirus;Epirusz;Epirus;Epiro;İïèğ;Epirus;
EPI_ADJ;Epirote;Épirote;Epirotisch;Epirote;Epirote;Epirota;Epirote;Epirote;Epirote;Epirote;Epirote;Åïèğîòå;Epirote;
ERI;Erythrea;Érythrée;Erythrea;Erytrea;Eritrea;Eritrea;Eritrea;Eritrea;Eritrea;Eritrea;Eritréia;İğèòğåÿ;Eritrea;
ERI_ADJ;Erythrean;Érythréen;Erythreisch;Erytrejski;Eritrea;Eritrea;eritreai;Eritrean;eritreai;Eritrese;Eritreia;İğèòğåéñê.;Eritrean;
ETR;Etruria;Étrurie;Etrurien;Etruria;Etruria;Etruria;Etruria;Etruria;Etruria;Etrurië;Etruria;İòğóğèÿ;Etruria;
ETR_ADJ;Etrurian;Étrurien;Etrurisch;Etruski;Etruria;Etrusca;etruszk;mystyckıch etruskıch;etruszk;Etrurisch;Etrusco;İòğóññê.;Etrurian;
FER;Ferrara;Ferrare;Ferrara;Ferrara;Ferrara;Ferrara;Ferrara;Ferrara;Ferrara;Ferrara;Ferrária;Ôåğğàğà;Ferrara;
FER_ADJ;Ferraran;Ferrarais;Ferrara-;Ferrary;Ferrense;Ferrarese;Ferraran;Ferraran;Ferraran;Ferraran;Ferraran;Ôåğğàğñê.;Ferraran;
FEZ;Fez;Fès;Fès;Fez;Fez;Fez;Fez;egyptská cepice;Fez;Fez;Fez;Ôåñ;fetsi;
FEZ_ADJ;Fez;Fassi;Fès-;Fezu;Fezana;di Fez;Fez;egyptská cepice;Fez;Fez;Fez;Ôåññê.;fetsi;
FLO;Florence;Florence;Florenz;Florencja;Florencia;Firenze;Firenze;Florence;Firenze;Florence;Florença;Ôëîğåíöèÿ;Firenze;
FLO_ADJ;Florentine;Florentin;Florentinisch;Florencji;Florentina;Fiorentina;firenzei;florentské;firenzei;Florentijns;florentino;Ôëîğåíòèéñê.;firenzeläinen;
FOI;Foix;Foix;Foix;Foix;Foix;Fois;Foix;Foix;Foix;Foix;Foix;Ôóà;Foix;
FOI_ADJ;Foix;Fuxéen;Foix-;Foix;Foix;di Fois;Foix;Foix;Foix;Foix;Foix;Ôóàñê.;Foix;
FOX;Fox;Renards;Fox;Lisy;Fox;Fox;Róka;Liška;Róka;Vos;Raposa;Ìåñêâîêè;Kettu;
FOX_ADJ;Fox;Renard;Fox-;Lisów;Fox;dei Fox;Róka;Liška;Róka;Vos;Raposa;Ìåñêâîêñê.;Kettu;
FRR;Gallia;Gaule;Gallien;Gallia;Gallia;Gallia;Gallia;Gallia;Gallia;Gallia;Gália;Ãàëëèÿ;Gallia;
FRR_ADJ;Gallian;Gaulois;Gallisch;Gallian;Galliano;Gallica;galliai;Gallian;galliai;Gallian;Galiano;Ãàëëèñê.;Gallian;
FUJ;Fujiwara;Fujiwara;Fujiwara;Fujiwara;Fujiwara;Fujiwara;Fujiwara;Fujiwara;Fujiwara;Fujiwara;Fujiwara;Ôóéèâàğà;Fujiwara;
FUJ_ADJ;Fujiwara;de Fujiwara;Fujiwara-;Fujiwara;Fujiwara;di Fujiwara;Fujiwara;Fujiwara;Fujiwara;Fujiwara;Fujiwara;Ôóéèâàğà;Fujiwara;
GAK;Gakwar;Gaqouar;Gakwar;Gakwar;Gakwar;Gakwar;Gakwar;Gakwar;Gakwar;Gakwar;Gakwar;Ãàêâàğ;Gakwar;
GAK_ADJ;Gakwar;Gaqouarien;Gakwar-;Gakwar;Gakwar;del Gakwar;Gakwar;Gakwar;Gakwar;Gakwar;Gakwar;Ãàêâàğ;Gakwar;
GBI;Guinea-Bissau;Guinée-Bissau;Guinea-Bissau;Gwinea Bissau;Guinea-Bissau;Guinea-Bissau;Bissau-Guinea;Guinea-Bissau;Bissau-Guinea;Guinee-Bissau;Guiné-Bissau;Ãâèíåÿ-Áèñàó;Guinea-Bissau;
GBI_ADJ;Guinean;Guinéen;Guineanisch;Gwinean;Guineano;Guineana;guineai;Guinean;guineai;Guinese;Guineense;Ãâèíåéñê.;guinealainen;
GBR;Albion;Albion;Albion;Albion;Albión;Albione;Albion;Albion;Albion;Albion;Albion;Àëüáèîí;Albion;
GBR_ADJ;Albionesque;Albionesque;Albionesk;Albionu;Albionesca;Albionesca;Albionesque;Albionesque;Albionesque;Albionesque;Albionês;Àëüáèîíåñê.;Albionesque;
GBR_fascist_dictatorship;Republic of Albion;République d'Albion;Republik Albion;Republika Albionu;República de Albión;Repubblica d'Albione;Albion Köztársaság;Albionská republika;Albion Köztársaság;Republiek Albion;Republic of Albion;Ğåñïóáëèêà Àëüáèîí;Albionin tasavalta;
GBR_absolute_monarchy;The Albionesque Empire;L'Empire Albionesque;Das albioneske Reich;Imperium Albionu;El Imperio Albionesco;L'Impero Albionesco;Az Albionesque Birodalom;Albionesque Empire;Az Albionesque Birodalom;Het Albionesque Empire;O Império Albionês;Àëüáèîíñêàÿ Èìïåğèÿ;Albionesque-imperiumi;
GBR_prussian_constitutionalism;The Albionesque Empire;L'Empire Albionesque;Das albioneske Reich;Imperium Albionu;El Imperio Albionesco;L'Impero Albionesco;Az Albionesque Birodalom;Albionesque Empire;Az Albionesque Birodalom;Het Albionesque Empire;O Império Albionês;Àëüáèîíñêàÿ Èìïåğèÿ;Albionesque-imperiumi;
GBR_parliamentary_republic;Republic of Albion;République d'Albion;Republik Albion;Republika Albionu;República de Albión;Repubblica d'Albione;Albion Köztársaság;Albionská republika;Albion Köztársaság;Republiek Albion;Republic of Albion;Ğåñïóáëèêà Àëüáèîí;Albionin tasavalta;
GBR_proletarian_dictatorship;The Worker's Commonwealth;Le Commonwealth des Travailleurs;Das Commonwealth des Arbeiters;Wspólnota robotnicza;La Comunidad de los Trabajadores;Il Commonwealth dei Lavoratori;A Munkavállalók Nemzetközössége;Dìlnické spoleèenství;A Munkavállalók Nemzetközössége;Het Gemenebest van de Arbeider;Comunidade do trabalhador;Ğàáî÷åå Ñîäğóæåñòâî;Työntekijöiden kansainyhteisö;
GDL;Guadeloupe;La Guadeloupe;Guadeloupe;Gwadelupa;Guadalupe;Guadalupa;Guadeloupe;Guadeloupe;Guadeloupe;Guadeloupe;Guadalupe;Ãâàäåëóïà;Guadeloupe;
GDL_ADJ;Guadeloupan;Guadeloupéen;Guadeloupe-;Gwadelupa;Guadeloupan;Guadalupese;Guadeloupan;Guadeloupe;Guadeloupan;Guadeloupan;Guadalupe;Ãâàäåëóïñê.;Guadeloupan;
GDW;Gondwana;Gondouana;Gondwana;Gondwana;Gondwana;Gondwana;Gondwana;Gondwana;Gondwana;Gondwana;Gonduana;Ãîíäâàíà;Gondwana;
GDW_ADJ;Gondwanan;Gondouanais;Gondwanisch;Gondwany;Gondwanan;del Gondwana;Gondwanan;Gondwanan;Gondwanan;Gondwanan;Gondwanan;Ãîíäâàíû;Gondwanan;
GHN;Ghana;Ghana;Ghana;Ghana;Ghana;Ghana;Ghána;Ghana;Ghána;Ghana;Gana;Ãàíà;Ghana;
GHN_ADJ;Ghanan;Ghanien;Ghanaisch;Ghanan;Ghanan;Ghanese;Ghanan;Ghanan;Ghanan;Ghanan;Ghanan;Ãõàíàí;Ghanan;
GLR;Gelre;Gueldre;Geldern;Geldria;Gelre;Gheldria;Gelre;Gelre;Gelre;Gelre;Guéldria;Ãåëüäåğí;Gelre;
GLR_ADJ;Gelrian;Gueldrois;Geldern-;Geldrii;Gelre;Gheldriana;Gelrian;Gelrian;Gelrian;Gelrian;Gelrian;Ãåëäåğíñê.;Gelrian;
GOC;Golcanda;Golconde;Golkonda;Golkonda;Golkonda;Golcanda;Golcanda;Golcanda;Golcanda;Golcanda;Golconda;Ãîëêîíäà;Golcanda;
GOC_ADJ;Golcandan;Golcondais;Golkonda-;Golkondy;Golkondan;di Golcanda;Golcandan;Golcandan;Golcandan;Golcandan;Golcandan;Ãîëêîíäñê.;Golcandan;
GOL;The Golden Horde;La Horde d'Or;Die Goldene Horde;Z³ota Orda;La Horda de Oro;Orda d'Oro;Az Arany Horda;Golden Horde;Az Arany Horda;de Gouden Horde;A Horda Dourada;Çîëîòàÿ Îğäà;Golden Horde;
GOL_ADJ;Golden Horde;de la Horde d'Or;Golden' Horde-;Z³ota Orda;de la Horda de Oro;dell'Orda d'Oro;arany Horda;Golden Horde;arany Horda;gouden Horde;Horde dourada;Çîëîòîîğäûíñê.;Golden Horde;
GOL_democracy;The Golden Republic;La République d'Or;Die Goldene Republik;Republika Zloty;La república Dorada;Repubblica d'Oro;Arany Köztársaság;Zlatı republika;Arany Köztársaság;de Gouden Republiek;A república dourada;Çîëîòàÿ Ğåñïóáëèêà;Golden tasavalta;
GOL_democracy_ADJ;Golden Republic;de la République d'Or;Golden' Republik-;Zloty Republika;República Dorada;della Repubblica d'Oro;arany Köztársaság;Golden Republic;arany Köztársaság;Golden Republic;Golden Republic;Çîëîòàÿ Ğåñïóáëèêà;Golden tasavalta;
GOT;Gotland;Gotland;Gotland;Gotlandia;Gotland;Gotland;Gotland;Gotland;Gotland;Gotland;Gotlândia;Ãîòëàíä;Gotland;
GOT_ADJ;Gutnish;Gotlandais;Gotländer;Gotlandii;Gotlandesa;Gutnica;Gutnish;Gutnish;Gutnish;Gutnish;Gutnish;Ãîòëàíäñê.;Gutniska;
GRD;Grenada;Grenade;Grenada;Grenada;Granada;Grenada;Grenada;Grenada;Grenada;Grenada;Granada;Ãğåíàäà;Grenada;
GRD_ADJ;Grenadan;Grenadin;Grenadisch;Grenadan;Grenadan;Grenadese;Grenadan;Grenadan;Grenadan;Grenadan;Grenadan;Ãğåíàäñê.;Grenadan;
GRH;The Great Horde;La Grande Horde;Die Große Horde;Wielka Orda;La Gran Horda;Grande Orda;Nagy Horda;Velikı Horde;Nagy Horda;de Grote Horde;A Grande Horda;Áîëüøàÿ Îğäà;Suuren Horde;
GRH_ADJ;Great Horde;de la Grande Horde;Groß' Horde-;Wielka Orda;de la Gran Horda;della Grande Orda;nagy Horda;skvelé Horde;nagy Horda;grote Horde;Grande Horda;Îğäûíñê.;suuri Horde;
GRH_democracy;The Great Republic;La Grande République;Der Großen Republik;Republika Wielki;La gran república;Grande Repubblica;Nagy Köztársaság;Velikı republika;Nagy Köztársaság;de Grote Republiek;A grande república;Âåëèêàÿ Ğåñïóáëèêà;Suuren tasavalta;
GRH_democracy_ADJ;Great Republic;de la Grande République;Groß' Republik-;Wielka Rzeczpospolita;Gran república;della Grande Repubblica;nagy Köztársaság;skvelé Republic;nagy Köztársaság;grote Republiek;Grande república;Âåëèêàÿ Ğåñïóáëèêà;suuri tasavalta;
GRJ;Garjat;Gardjat;Gardjat;Garjat;Garjat;Garjat;Garjat;Garjat;Garjat;Garjat;Garjat;Ãàğüÿò;Garjat;
GRJ_ADJ;Garjat;du Gardjat;Gardjat-;Garjatu;Garjati;di Garjat;Garjat;Garjat;Garjat;Garjat;Garjat;Ãàğüÿòñê.;Garjat;
GUJ;Gujarat;Gujarat;Gujarat;GudŸarat;Gujarat;Gujarat;Gujarat;Gujarat;Gujarat;Gujarat;Gujaráti;Ãóäæàğàò;Gujaratin;
GUJ_ADJ;Gujarati;Gujarati;Gujarati;GudŸaratu;Gujarat;del Gujarat;gudzsaráti;gujarati;gudzsaráti;Gujarati;Gujarati;Ãóäæàğàòñê.;gujarati;
GYN;Gascony;Gascogne;Gascogne;Gaskonia;Gascuña;Guascogna;Gascogne;Gascony;Gascogne;Gascogne;Guinea;Ãàñêîíü;Gascony;
GYN_ADJ;Gascon;Gascon;Gaskognisch;Gaskoñsk.;Gascona;Guascone;gascon;Gascon;gascon;Gasconjer;Gascon;Ãàñêîíñê.;Gascon;
HAT;Hainaut;Hainaut;Hennegau;Hainaut;Hainaut;Annonia;Hainaut;Hainaut;Hainaut;Hainaut;Hainaut;Ãåííåãàó;Hainaut;
HAT_ADJ;Hainautian;Hennuyer;Hennegauer;Hainautu;Hainaut;Annoniese;Hainautian;Hainautian;Hainautian;Hainautian;Hainaut;Ãåííåãàóñê.;Hainautian;
HAU;Hausa;Haoussa;Hausa;Hausa;Hausa;Hausa;Hausa;Hausa;Hausa;Hausa;Haúça;Õàóñà;hausa;
HAU_ADJ;Hausan;Haoussa;Hausa-;Hausów;Hausiana;degli Hausa;Hausan;Hausan;Hausan;Hausan;Hausan;Õàóññê.;Hausan;
HDU_democracy;Pakistan;Pakistan;Pakistan;Pakistan;Pakistán;Pakistan;Pakisztán;Pákistán;Pakisztán;Pakistan;Paquistão;Ïàêèñòàí;Pakistan;
HDU_democracy_ADJ;Pakistani;Pakistanais;Pakistanisch;Pakistañczycy;pakistaní;Pachistana;pakisztáni;Pákistánec;pakisztáni;Pakistaans;paquistanês;ïàêèñòàíñê.;pakistanilainen;
HDY;Hadiya;Hadiya;Hadiyya;Hadiya;Hadiya;Hadiya;Hadiya;Hadiya;Hadiya;Hadiya;Hadia;Õàäèÿ;Hadiya;
HDY_ADJ;Hadiyan;de Hadiya;Hadiyya-;Hadiyi;de Hadiya;di Hadiya;Hadiyan;Hadiyan;Hadiyan;Hadiyan;Hadiyan;Õàäèéñê.;Hadiyan;
HJO;Hojo;Hojo;Hojo;Hojo;Hojo;Hojo;Hojo;Hojo;Hojo;Hojo;Hojo;Õîäç¸;Hojo;
HJO_ADJ;Hojo;de Hojo;Hojo-;Hojo;Hojo;di Hojo;Hojo;Hojo;Hojo;Hojo;Hojo;Õîäç¸ñê.;Hojo;
HKG;Hong Kong;Hong Kong;Hong Kong;Hongkong;Hong Kong;Hong Kong;Hong Kong;Hong Kong;Hong Kong;Hong Kong;Hong Kong;Ãîíêîíã;Hongkong;
HKG_ADJ;Hong Konger;Hongkongaise;Hong Kong-;Hongkongsk.;de Hong Kong;di Hong Kong;Hong Konger;Hong Konger;Hong Konger;Hong Konger;de Hong Kong;Ãîíêîíãà;Hong Konger;
HKG_proletarian_dictatorship;Xianggang;Xianggang;Xianggang;Xianggang;Xianggang;Xianggang;Xianggang;Xianggang;Xianggang;Xianggang;Xianggang;Ñÿíãàí;Xianggang;
HKG_proletarian_dictatorship_ADJ;Xianggang;de Xianggang;Xianggang-;Xianggangsk.;de Xianggang;di Xianggang;Xianggang;Xianggang;Xianggang;Xianggang;de Xianggang;ñÿíãàíñê.;Xianggang;
HLL;Holland;Hollande;Holland;Holandia;Holanda;Olanda;Hollandia;Holandsko;Hollandia;Holland;Holanda;Ãîëëàíäèÿ;Hollanti;
HLL_ADJ;Dutch;Hollandais;Holländisch;Niderlandów;Holandesa;Olandese;holland;holandskı;holland;Nederlands;holandês;Ãîëëàíäñê.;hollantilainen;
HRE;The Holy Roman Empire;Le Saint Empire Romain;Das Heilige Römische Reich;Œwiête Cesarstwo Rzymskie;El Sacro Imperio Romano;Il Sacro Romano Impero;A Szent Római Birodalom;Svatá øíše øímská;A Szent Római Birodalom;het Heilige Roomse Rijk;O Sacro Império Romano;Ñâÿùåííàÿ Ğèìñêàÿ Èìïåğèÿ;Pyhän Rooman valtakunta;
HRE_ADJ;Holy Roman;Saint-Romain;Heilig' Römisch;Œwiête Cesarstwo;Sacro Romano;Sacro Romana;római;Svaté øíše øímské;római;Heilige Roomse;Sacro Romano;Ñâÿùåííûé Ğèì;Holy Roman;
HRE_communist;Proletarian Faction;Faction Prolétarienne;Proletarische Fraktion;Frakcja proletariacka;Facción Proletaria;Fazione Proletaria;proletár frakció;Proletarian Faction;proletár frakció;proletarische Faction;Facção Proletária;Ïğîëåòàğñêàÿ Ôğàêöèÿ;proletaari Faction;
HRE_conservative;Imperialists;Impérialistes;Imperialisten;Imperialiœci;Imperialistas;Imperialisti;imperialisták;imperialisté;imperialisták;imperialisten;Imperialistas;Èìïåğèàëèñòû;imperialistit;
HRE_democracy;The Holy Roman Republic;La Sainte République Romaine;Die Heilige Römische Republik;Holy Roman Republic;La república romana santa;La Sacra Romana Repubblica;A Szent Római Köztársaság;Svaté øímské republiky;A Szent Római Köztársaság;het Heilige Roomse Republiek;A Sacra República Romana;Ñâÿùåííàÿ Ğèìñêàÿ Ğåñïóáëèêà;Pyhä Rooman tasavallan;
HRE_fascist;NSHRAP;NSHRAP;NSHRAP;NSHRAP;NSHRAP;NSHRAP;NSHRAP;NSHRAP;NSHRAP;NSHRAP;NSHRAP;Íøğàï;NSHRAP;
HRE_proletarian_dictatorship;The Proletarian Roman Empire;Le Prolétarien Empire Romain;Das Proletarische Römische Reich;proletariackiej Cesarstwo Rzymskie;El Imperio Romano Proletario;Il Sacro Romano Proletariato;Proletár Római Birodalom;Proletár øíše øímská;Proletár Római Birodalom;de Heilige Roomse proletarische;O Sacro Romano Proletário;Ïğîëåòàğñêàÿ Ğèìñêàÿ Èìïåğèÿ;proletariaatin Rooman valtakunta;
HRE_reactionary;Karling Faction;Faction Carolingienne;Karolingern-Fraktion;Karling Faction;Facción Carolingia;Fazione Carolingia;Karling frakció;Karling Faction;Karling frakció;Karling Faction;Karling Faction;Êàğëèíãñêàÿ Ôğàêöèÿ;Karling Faction;
HRE_socialist;Peasant Faction;Faction Paysanne;Bauern-Fraktion;Stronnictwo Faction;Facción campesina;Fazione Plebea;paraszt frakció;rolník Faction;paraszt frakció;peasant Faction;Facção camponesa;Êğåñòüÿíñêàÿ Ôğàêöèÿ;talonpoika Faction;
HSC;Highlands;Hautes-Terres;Hochland;Góral;Tierras Altas;Alture Scozzesi;Highlands;Vrchovina;Highlands;Hooglanden;Highlands;Ãîğíàÿ Ìåñòíîñòü;Highlands;
HSC_ADJ;Highlander;des Hautes-Terres;Hochländisch;Góral;montañés;delle Alture;Felvidéki;Horal;Felvidéki;Hooglander;Escocês;Ãîğåö;Highlander;
HSK;Hosokawa;Hosokawa;Hosokawa;Hosokawa;Hosokawa;Hosokawa;Hosokawa;Hosokawa;Hosokawa;Hosokawa;Hosokawa;Õîñîêàâà;Hosokawa;
HSK_ADJ;Hosokawa;de Hosokawa;Hosokawa-;Hosokawy;Hosokawa;di Hosokawa;Hosokawa;Hosokawa;Hosokawa;Hosokawa;Hosokawa;Õîñîêàâñê.;Hosokawa;
HSP;Hesperia;Hespérie;Hesperien;Hesperia;Hesperia;Esperia;Hesperia;Hesperia;Hesperia;Hesperië;Hesperia;Ãåñïåğèÿ;Hesperia;
HSP_ADJ;Hesperian;Hespérien;Hesperisch;Hesperski;Hesperio;Espera;Hesper;Hesperská;Hesper;Hesperisch;Hesperio;Ãåñïåğñê.;Hesperialainen;
HTK;Hatakeyama;Hatakeyama;Hatakeyama;Hatakeyama;Hatakeyama;Hatakeyama;Hatakeyama;Hatakeyama;Hatakeyama;Hatakeyama;Hatakeyama;Õàòàêıÿìà;Hatakeyama;
HTK_ADJ;Hatakeyama;de Hatakeyama;Hatakeyama-;Hatakeyamy;Hatakeyama;di Hatakeyama;Hatakeyama;Hatakeyama;Hatakeyama;Hatakeyama;Hatakeyama;Õàòàêıÿìñê.;Hatakeyama;
IGW;Imagawa;Imagawa;Imagawa;Imagawa;Imagawa;Imagawa;Imagawa;Imagawa;Imagawa;Imagawa;Imagawa;Èìàãàâà;Imagawa;
IGW_ADJ;Imagawa;d'Imagawa;Imagawa-;Imagawy;Imagawa;di Imagawa;Imagawa;Imagawa;Imagawa;Imagawa;Imagawa;Èìàãàâñê.;Imagawa;
IKE;Ikeda;Ikeda;Ikeda;Ikeda;Ikeda;Ikeda;Ikeda;Ikeda;Ikeda;Ikeda;Ikeda;Èêıäà;Ikeda;
IKE_ADJ;Ikeda;d'Ikeda;Ikeda-;Ikedy;Ikeda;di Ikeda;Ikeda;Ikeda;Ikeda;Ikeda;Ikeda;Èêıäñê.;Ikeda;
ILL;Illinewek;Illinéouécs;Illinewek;Illiniwekowie;Illinewek;Illini;Illinewek;Illinewek;Illinewek;Illinewek;Illinewek;Èëëèíîéñû;Illinewek;
ILL_ADJ;Illinewek;des Illinéouécs;Illinewek-;Illiniweków;Illinewek;degli Illini;Illinewek;Illinewek;Illinewek;Illinewek;Illinewek;Èëëèíîéññê.;Illinewek;
IMG;Inner Mongolia;Mongolie Intérieure;Die Innere Mongolei;Mongolia Wewnêtrzna;Mongolia interior;Mongolia Interna;Belsõ-Mongólia;vnitøní Mongolsko;Belsõ-Mongólia;Binnen-Mongolië;Mongólia Interior;Âíóòğåííÿÿ Ìîíãîëèÿ;Sisä-Mongolia;
IMG_ADJ;Inner Mongolian;Mongole Intérieure;Innermongolisch;Wewnêtrzny mongolski;Mongol interior;Cismongola;Belsõ mongol;Vnitøní mongolskı;Belsõ mongol;Binnen-Mongools;Mongol Interior;Âíóòğåííèé ìîíãîëüñê.;Sisäinen mongoli;
IMG_theocracy;Hui;;;;;;;;;;;;;
IMG_theocracy_ADJ;Hui;;;;;;;;;;;;;
IMG_fascist_dictatorship;Mengjiang;Mengjiang;Mengjiang;Mengjiang;Mengjiang;Mengjiang;Mengjiang;Mengjiang;Mengjiang;Mengjiang;Mengjiang;Ìıíöçÿíå;Mengjiang;
IMG_fascist_dictatorship_ADJ;Mengjiang;du Mengjiang;Mengjiang-;Mengjiang;Mengjiang;del Mengjiang;Mengjiang;Mengjiang;Mengjiang;Mengjiang;Mengjiang;Ìıíöçÿíå;Mengjiang;
INC;The Inca;Les Incas;Die Inka;Inkowie;Los Incas;Gli Inca;az inka;Inkové;az inka;de Inca;O Inca;Èíêè;Inca;
INC_ADJ;Inca;Inca;Inka-;Inków;Inca;Inca;Inca;Inka;Inca;Inca;Inca;Èíêñê.;Inca;
IRO;Iroquois;Iroquois;Irokesen;Irokezi;Iroquesos;Irochesi;irokéz;Iroquois;irokéz;Iroquois;Iroquois;Èğîêåçû;Iroquois;
IRO_ADJ;Iroquois;Iroquois;Irokesisch;Irokezów;Iroquesa;Irochese;irokéz;Iroquois;irokéz;Iroquois;Iroquois;Èğîêåçñê.;Iroquois;
JJI;Janjiro;Djandjiro;Janjira;Janjero;Janjiro;Janjiro;Janjiro;Janjiro;Janjiro;Janjiro;Janjiro;Äæàíäæèğî;Janjiro;
JJI_ADJ;Janjiroan;de Djandjiro;Janjira-;Janjero;de Janjiro;di Janjiro;Janjiroan;Janjiroan;Janjiroan;Janjiroan;Janjiroan;Äæàíäæèğñê.;Janjiroan;
JNP;Jaunpur;Jawnpur;Jaunpur;DŸaunpur;Jaunpur;Jaunpur;Jaunpur;Jaunpur;Jaunpur;Jaunpur;Jaunpur;Äæàóíïóğ;Jaunpur;
JNP_ADJ;Jaunpur;de Jawnpur;Jaunpur-;DŸaunpuru;Jaunpuri;di Jaunpur;Jaunpur;Jaunpur;Jaunpur;Jaunpur;Jaunpur;Äæàóíïóğñê.;Jaunpur;
KAC;Kachar;Cachar;Kachar;Kachar;Kachar;Kachar;Kachar;Kachar;Kachar;Kachar;Kachar;Êà÷àğ;Kachar;
KAC_ADJ;Kachar;de Cachar;Kachar-;Kacharu;Kachari;di Kachar;Kachar;Kachar;Kachar;Kachar;Kachar;Êà÷àğñê.;Kachar;
KAZ_proletarian_dictatorship;SSR Kazakhstan;RSS Kazakhstan;SSR Kasachstan;SSR Kazachstan;SSR Kazajstán;RSS Kazaca;SSR Kazahsztán;SSR Kazachstán;SSR Kazahsztán;SSR Kazachstan;SSR Cazaquistão;ÑÑĞ Êàçàõñòàí;SSR Kazakstan;
KCX;Koch;Kotch;Koch;Kocz;Koch;Koch;Koch;Koch;Koch;Koch;Koch;Êó÷;Koch;
KCX_ADJ;Koch;du Kotch;Koch-;Koczu;Kochi;di Koch;Koch;Koch;Koch;Koch;Koch;Êó÷ñê.;Koch;
KGR;Kangra;Kangra;Kangra;Kangra;Kangra;Kangra;Kangra;Kangra;Kangra;Kangra;Kangra;Êàíãğà;Kangra;
KGR_ADJ;Kangra;Kangrais;Kangra-;Kangry;Kangri;di Kangra;Kangra;Kangra;Kangra;Kangra;Kangra;Êàíãğàñê.;Kangra;
KHA;The Mongol Khanate;Le Khanat Mongol;Das Mongolische Khanat;Mongo³owie Chanat;El kanato mongol;Khanato Mongolo;A mongol Khanate;mongolskı Khanate;A mongol Khanate;de Mongoolse Khanate;O Khanato Mongol;Ìîíãîëüñêîå Õàíñòâî;mongolien Khanate;
KHA_ADJ;Mongol;Mongol;Mongolisch;Mongolii;Mongola;Mongola;mongol;Mongol;mongol;Mongools;mongol;Ìîíãîëüñê.;mongoli;
KHA_democracy;The Khalkha Republic;La République Khalkha;Die Khalkha-Republik;Republika Khalkha;La República Khalkha;Repubblica di Khalkha;A Khalkha Köztársaság;Khalkha republika;A Khalkha Köztársaság;de Khalkha Republiek;A República Khalkha;Ğåñïóáëèêà Õàëõà;Khalkha tasavalta;
KHA_proletarian_dictatorship;The Khalkha Proletariate;Le Prolétariat de Khalkha;Das Khalkha-Proletariat;Khalkha Proletariat;El Proletariado de Khalkha;Proletariato di Khalkha;A Khalkha proletariátus;Khalkha Proletariate;A Khalkha proletariátus;de Khalkha proletariaat;O Proletariado de Khalkha;Õàëõàíñêèé Ïğîëåòàğèàò;Khalkha Proletariate;
KHD;Khandesh;Kandeich;Khandesh;Kanesz;Kandesh;Khandesh;Khandesh;Khandesh;Khandesh;Khandesh;Khandesh;Õàíäåø;Khandesh;
KHD_ADJ;Khandeshi;du Kandeich;Khandisch;Kaneszu;Kandesha;del Khandesh;Khandeshi;Khandeshi;Khandeshi;Khandeshi;Khandeshi;Õàíäåøñê.;Khandeshi;
KHO;Khorasan;Khorassan;Chorasan;Khorasan;Khorasan;Khorasan;Khorasan;Khorasan;Khorasan;Khorasan;Khorasan;Õîğàñàí;Khorasan;
KHO_ADJ;Khorasani;du Khorassan;Chorasanisch;Khorasani;Khorasani;del Khorasan;Khorasani;Khorasani;Khorasani;Khorasani;Khorasani;Õîğàñàíè;Khorasani;
KID;Kildare;Kildare;Kildare;Kildare;Kildare;Kildare;Kildare;Kildare;Kildare;Kildare;Kildare;Êèëäığ;Kildare;
KID_ADJ;Kildarean;du Kildare;Kildare-;Kildare;Kildareana;di Kildare;Kildarean;Kildarean;Kildarean;Kildarean;Kildarean;Êèëäığñê.;Kildarean;
KIK;Kikondja;Kinkondja;Kikondscha;Kikondja;Kikondja;Kikondja;Kikondja;Kikondja;Kikondja;Kikondja;Kikondja;Êèêîíæà;Kikondja;
KIK_ADJ;Kikondjan;de Kinkondja;Kikondscha-;Kikondji;de Kikondja;di Kikondja;Kikondjan;Kikondjan;Kikondjan;Kikondjan;Kikondjan;Êèêîíæñê.;Kikondjan;
KLN;Keladi;Kéladi;Keladi;Keladi;Keladi;Keladi;Keladi;Keladi;Keladi;Keladi;Keladi;Êåëàäè;Keladi;
KLN_ADJ;Keladi;du Kéladi;Keladi-;Keladi;Keladi;di Keladi;Keladi;Keladi;Keladi;Keladi;Keladi;Êåëàäèéñê.;Keladi;
KNI_democracy;Saint John;Saint-Jean;Sankt Johannes;Œwiêty Jan;San Juan;San Giovanni;Saint John;Saint John;Saint John;Saint John;São João;Ñâÿòîé Èîàíí;Saint John;
KNI_democracy_ADJ;Saint John's;de Saint-Jean;Sankt Johannes-;Œwiêtego Jana;Sanjuanés;Sangiovannina;Szent János;Saint John je;Szent János;Saint John's;São João;Ñâÿòîé Èîàíí;Saint Johnin;
KNI_proletarian_dictatorship;The Hospitaller Proletariate;Le Prolétariat Hôpital;Hospitalproletariat;Szpitalny Proletariat;El Proletariado Hospitalario;Proletariato Ospitaliero;A Kórházi proletariátus;Hospitaller Proletariate;A Kórházi proletariátus;de Hospitaal proletariaat;O Proletariado Hospitalar;Ïğîëåòàğèàò Ãîñïèòàëüåğà;Hospitaller Proletariate;
KNI_proletarian_dictatorship_ADJ;Hospitaller;Hôpital;Hospitaliter-;Szpitalny;Hospitalario;Ospitaliera;Máltai lelkész;Hospitaller;Máltai lelkész;hospitaler;Hospitalar;Ãîñïèòàëüåğ;Hospitaller;
KOM;Comoros;Les Comores;Die Komoren;Komory;Comoras;Comore;Comore-szigetek;Komory;Comore-szigetek;Comoren;Comores;Êîìîğñêèå;Komorit;
KOM_ADJ;Comoran;Comorien;Komorisch;Komoran;Comoran;delle Comore;Comoran;Comoran;Comoran;Comoren;Comoran;Êîìîñê.;Komorien;
KOS;Kosovo;Kosovo;Kosovo;Kosowo;Kosovo;Cossovo;Koszovó;Kosovo;Koszovó;Kosovo;Kosovo;Êîñîâî;kosovo;
KOS_ADJ;Kosovan;Kosovare;Kosovar;Kosowsk.;Kosovara;Cossovara;koszovói;Kosovskı;koszovói;Kosovan;Kosovar;êîñîâñê.;Kosovon;
KRM;Karaman;Karaman;Karaman;Karaman;Karaman;Karaman;Karaman;Karaman;Karaman;Karaman;Karaman;Êàğàìàí;Karaman;
KRM_ADJ;Karamanid;Karamanide;Karamanid;Karamanu;Karamanesa;Karamanide;Karamanid;Karamanid;Karamanid;Karamanid;Karamanid;Êàğàìàíñê.;Karamanid;
KSJ;Kasanje;Cassange;Kassandsche;Kasanje;Kasanje;Cassange;Kasanje;Kasanje;Kasanje;Kasanje;Kasanje;Êàñàíäæå;Kasanje;
KSJ_ADJ;Kasanjean;du Cassange;Kassandsche-;Kasanje;Kasanje;di Cassange;Kasanjean;Kasanjean;Kasanjean;Kasanjean;Kasanjean;Êàñàíäæåéñê.;Kasanjean;
KUR;Kurland;Courlande;Kurland;Kurlandia;Curlandia;Curlandia;Kurland;Kurland;Kurland;Kurland;Curlândia;Êóğëÿíäèÿ;Kurland;
KUR_ADJ;Couronian;Couronian;Kurländisch;Kurlandii;Curlandesa;Curona;Couronian;Couronian;Couronian;Couronian;Couronian;Êóğëÿíäñê.;Couronian;
KZN;Kazan;Kazan;Kasan;Kazañ;Kazán;Kazan';Kazan;Kazan;Kazan;Kazan;Kazan;Êàçàíü;Kazan;
KZN_ADJ;Kazani;de Kazan;Kasanisch;Kazania;Kazanesa;di Kazan';Kazani;Kazani;Kazani;Kazani;Kazani;Êàçàíñê.;Kazani;
LAU;Lauenburg;Lauenbourg;Lauenburg;Lauenburg;Lauenburg;Lauenburg;Lauenburg;Lauenburg;Lauenburg;Lauenburg;Lauenburg;Ëàóåíáóğã;Lauenburg;
LAU_ADJ;Lauenburger;Lauenbourgeois;Lauenburgisch;Lauenburger;Lauenburger;di Lauenburg;Lauenburger;Lauenburger;Lauenburger;Lauenburger;Lauenburger;Ëàóåíáóğãåğ;Lauenburger;
LBX;Luba;Lubas;Luba;Luba;Luba;Luba;Luba;Luba;Luba;Luba;Luba;Ëóáà;Luba;
LBX_ADJ;Luban;Luba;Lubanisch;Luby;Luba;Lubana;Luban;Luban;Luban;Luban;Luban;Ëóáàíñê.;Luban;
LDU;Lundu;Lundu;Lundu;Lundu;Lundu;Lundu;Lundu;Lundu;Lundu;lundu;Lundu;Ëóíäó;Lundu;
LDU_ADJ;Lunduan;de Lundu;Lundu-;Lundu;Lunduana;di Lundu;Lunduan;Lunduan;Lunduan;Lunduan;Lunduan;Ëóíäóéñê.;Lunduan;
LEI;Leinster;Leinster;Leinster;Leinster;Leinster;Leinster;Leinster;Leinster;Leinster;Leinster;Leinster;Ëåíñòåğ;Leinster;
LEI_ADJ;Leinster;du Leinster;Leinster-;Leinster;Leinsteriense;di Leinster;Leinster;Leinster;Leinster;Leinster;Leinster;Ëåíñòåğñê.;Leinster;
LEN;Lenape;Lenapes;Lenape;Delawarowie;Lenape;Lenape;Lenape;Lenape;Lenape;Lenape;Lenape;Äåëàâàğû;Lenape;
LEN_ADJ;Lenape;Lenape;Lenape-;Delewarów;Lenape;di Lenape;Lenape;Lenape;Lenape;Lenape;Lenape;Äåëàâàğñê.;Lenape;
LGB;Longobardia;Longobardie;Langobardenreich;Longobardowie;Langobardia;Longobardia;Longobardia;Longobardie;Longobardia;Longobardia;Longobardia;Ëîíãîáàğäèÿ;Longobardia;
LGB_ADJ;Longobard;Longobarde;Langobardisch;Longobardowie;Langobardo;Longobarda;Longobárd;Longobard;Longobárd;Longobard;Langobardo;Ëîíãîáàğä;Longobard;
LIE;Liechtenstein;Liechtenstein;Liechtenstein;Liechtenstein;Liechtenstein;Liechtenstein;Liechtenstein;Lichtenštejnsko;Liechtenstein;Liechtenstein;Liechtenstein;Ëèõòåíøòåéí;Liechtenstein;
LIE_ADJ;Liechtensteiner;Liechtensteinois;Liechtensteinisch;Liechtensteiner;Liechtensteiner;Liechtensteiniana;Liechtensteiner;Liechtensteiner;Liechtensteiner;Liechtensteiner;Liechtensteiner;Ëèõòåíøòåéíñê.;Liechtensteiner;
LIV;The Livonian Order;L'Ordre Livonien;Der Livländischen Orden;inflanckiemu;La Orden de Livonia;L'Ordine di Livonia;livóniai rendelés;Livonského rádu;livóniai rendelés;het Lijflandse Orde;A Ordem Livoniana;Ëèâîíñêèé Îğäåí;ritarikunnan;
LIV_ADJ;Livonian;Livonie;Livländisch;Liwonii;Livonia;Livoniana;liv;Livonian;liv;Livonian;Livonian;Ëèâîíñê.;Liivin;
LIV_democracy;Livonia;Livonie;Livonien;Liwonia;Livonia;Livonia;Livonia;Livonia;Livonia;Lijfland;Livônia;Ëèâîíèÿ;Livonia;
LIV_proletarian_dictatorship;The Livonian Proletariate;Le Prolétariat de Livonie;Livland-Proletariat;Liwski Proletariat;El Proletariado de Livonia;Proletariato di Livonia;livóniai proletariátus;Livonian Proletariate;livóniai proletariátus;het Lijflandse proletariaat;O Proletariato Livoniano;Ëèâîíñêèé Ïğîëåòàğèàò;Liivin Proletariate;
LND;Lunda;Lundas;Lunda;Lunda;Lunda;Lunda;Lunda;Lunda;Lunda;Lunda;Lunda;Ëóíäà;Lunda;
LND_ADJ;Lundan;Lunda;Lunda-;Lundy;Lunda;di Lunda;Lundan;Lundan;Lundan;Lundan;Lundan;Ëóíäàíñê.;Lundan;
LOU;Louisiana;Louisiane;Louisiana;Luizjana;Louisiana;Luigiana;Louisiana;Louisiana;Louisiana;Louisiana;Louisiana;Ëóèçèàíà;Louisiana;
LOU_ADJ;Louisianan;Louisianais;Louisianisch;Luizjany;Louisianense;Luigiana;Louisianan;Louisianan;Louisianan;Louisianan;Louisianan;Ëóèçèàíñê.;Louisianan;
MAB;Malabar;Malabar;Malabar;Malabar;Malabar;Malabar;Malabar;Malabar;Malabar;Malabar;Malabar;Ìàëàáàğ;Malabar;
MAB_ADJ;Malabar;de Malabar;Malabar-;Malabar;Malabar;di Malabar;Malabar;Malabar;Malabar;Malabar;Malabar;Ìàëàáàğ;Malabar;
MAE;Maeda;Maeda;Maeda;Maeda;Maeda;Maeda;Maeda;Maeda;Maeda;Maeda;Maeda;Ìàıäà;Maeda;
MAE_ADJ;Maeda;de Maeda;Maeda-;Maedy;Maeda;di Maeda;Maeda;Maeda;Maeda;Maeda;Maeda;Ìàıäñê.;Maeda;
MAU;Mauritius;Maurice;Mauritius;Mauritius;Mauricio;Le Maurizio;Mauritius;Mauricius;Mauritius;Mauritius;Maurício;Ìàâğèê.;Mauritius;
MAU_ADJ;Mauritian;Mauricien;Mauritisch;Mauritian;mauriciano;Mauriziana;mauritiusi;Mauritian;mauritiusi;Mauritiaanse;Maurício;ìàâğèòàíñê.;mauritiuslainen;
MAW;Malwa;Malva;Malwa;Malwa;Malva;Malwa;Malwa;Malwa;Malwa;Malwa;Malwa;Ìàëüâà;Malwa;
MAW_ADJ;Malwan;Malvais;Malwi-;Malwy;Malvana;di Malwa;Malwan;Malwan;Malwan;Malwan;Malwan;Ìàëâñê.;Malwan;
MAY;The Maya;Les Mayas;Die Maya;Majowie;Los Mayas;I Maya;a Maya;Maya;a Maya;de Maya's;Os Maias;Ìàéÿ;Maya;
MAY_ADJ;Maya;Maya;Maya-;Majów;Maya;maya;Maya;Maya;Maya;Maya;Maya;Ìàéÿíñê.;maya;
MAZ;Mazovia;Masovie;Masowien;Mazowsze;Mazovia;Masovia;Mazóvia;Mazovsko;Mazóvia;Mazovië;Mazóvia;Ìàçîâèÿ;Masovia;
MAZ_ADJ;Mazovian;Masovien;Masowisch;Mazowsza;Mazoviana;della Masovia;Mazovian;mazovskıch;Mazovian;Mazovian;Mazoviano;Ìàçîâñê.;Mazovian;
MBA;Mombasa;Mombasse;Mombasa;Mombasa;Mombasa;Mombasa;Mombasa;Mombasa;Mombasa;Mombasa;Mombaça;Ìîìáàñà;Mombasa;
MBA_ADJ;Mombasa;Mombassien;Mombasa-;Mombasy;Mombasana;di Mombasa;Mombasa;Mombasa;Mombasa;Mombasa;Mombasa;Ìîìáàññê.;Mombasa;
MCH;Manchu;Mandchous;Mandschu;Mand¿uria;Manchuria;Manciuria;mandzsu;Manchu;mandzsu;Manchu;Manchúria;Ìàíü÷æóğèÿ;Manchu;
MCH_ADJ;Manchu;Mandchou;Mandschurisch;Mand¿urii;Manchú;Manciù;mandzsu;Manchu;mandzsu;Manchu;manchu;Ìàí÷æóğñê.;Manchu;
MDI;Mogadishu;Mogadiscio;Mogadischu;Mogadiszu;Mogadishu;Mogadiscio;Mogadishu;Mogadišo;Mogadishu;Mogadishu;Mogadíscio;Ìîãàäèøî;Mogadishu;
MDI_ADJ;Mogadishu;Mogadiscien;Mogadischu-;Mogadiszu;Mogadishana;di Mogadiscio;Mogadishu;Mogadišo;Mogadishu;Mogadishu;Mogadíscio;Ìîãàäèøñê.;Mogadishu;
MEM;Memmingen;Memmingen;Memmingen;Memmingen;Memmingen;Memmingen;Memmingen;Memmingen;Memmingen;Memmingen;Memmingen;Ìåììèíãåí;Memmingen;
MEM_ADJ;Memminger;de Memmingen;Memminger;Memmingenu;de Memmingen;di Memmingen;Memminger;Memminger;Memminger;Memminger;Memminger;Ìåììèíãåíñê.;Memminger;
MEN;Mentese;Menteche;Mentesche;Mentese;Mentese;Mentesce;Mentese;Mentese;Mentese;Mentese;Mentese;Ìåíòåñå;Mentese;
MEN_ADJ;Mentese;Mentecheïde;Mentesche-;Mentese;Mentese;del Mentesce;Mentese;Mentese;Mentese;Mentese;Mentese;Ìåíòåñå;Mentese;
MFA;Montferrat;Montferrat;Montferrat;Montferrat;Montferrato;Monferrato;Montferrat;Montferrat;Montferrat;Monferrato;Monferrato;Ìîíôåğğàò;Montferrat;
MFA_ADJ;Montferratian;du Montferrat;Montferrat-;Montferratu;de Montferrato;del Monferrato;Montferratian;Montferratian;Montferratian;Montferratian;Montferrat;Ìîíôåğğàòñê.;Montferratian;
MHC;Mahican;Mohicans;Mahican;Mohikanie;Mohicano;Moicani;Mahican;Mahican;Mahican;Mahican;Mahican;Ìîãèêàíå;mahicanit;
MHC_ADJ;Mahican;Mohican;Mahican-;Mohikanów;Mahican;Moicana;Mahican;Mahican;Mahican;Mahican;Mahican;Ìîãèêàíñê.;mahicanit;
MIA;Khawitmau;Khaouitmau;Khawitmau;Khawitmau;Khawitmau;Khawitmau;Khawitmau;Khawitmau;Khawitmau;Khawitmau;Khawitmau;Êõàâèòìàó;Khawitmau;
MIA_radical;Garfield Faction;Faction de Garfield;Fraktion von Garfield;Frakcja Garfielda;Facción de Garfield;Fazione di Garfield;Garfield frakciója;Garfieldova frakce;Garfield frakciója;Garfield's Faction;Facção de Garfield;Ôğàêöèÿ Ãàğôèëäà;Garfieldin fraktio;
MIA_communist;Hound Faction;Faction des Chiens;Fraktion der Hünder;Frakcja psa;Facción del perro;Fazione dei Cani;A kutya frakciója;Frakce psa;A kutya frakciója;Faction of the Dog;Faction of the Dog;Ñîáà÷üÿ Ôğàêöèÿ;Koiran fraktio;
MIA_conservative;Tom Faction;Faction de Thomas;Fraktion von Thomas;Frakcja Thomasa;Facción de Thomas;Fazione di Thomas;Thomas frakciója;Fráze Thomase;Thomas frakciója;Faction van Thomas;Faction of Thomas;Òîì Ôğàêöèÿ;Thomasin fraktio;
MIA_fascist;Claws Faction;Faction des Griffes;Fraktion der Krallen;Frakcja pazurów;Facción de Garras;Fazione degli Artigli;Claws frakciója;Frakce klapek;Claws frakciója;Faction of Claws;Faction of Claws;Ôğàêöèÿ Êîãòåé;Clawsin fraktio;
MIA_liberal;Wool Faction;Faction de la Laine;Fraktion der Wolle;Frakcja we³ny;Facción de la lana;Fazione della Lana;A gyapjú frakciója;Frakcní vlna;A gyapjú frakciója;Faction of Wool;Faction of Wool;Ôğàêöèÿ Øåğñòè;Villan fraktio;
MIA_reactionary;Pharaoh's Faction;Faction du Pharaon;Fraktion des Pharao;Frakcja faraona;Facción del faraón;Fazione del Faraone;A fáraó frakciója;Frakce faraóna;A fáraó frakciója;Faction van Farao;Faction of Pharaoh;Ôàğàîíñêàÿ Ôğàêöèÿ;Faraon fraktio;
MIA_socialist;Mice Faction;Faction des Souris;Fraktion der Mäuse;Frakcja myszy;Facción de los ratones;Fazione dei Topi;Az egerek frakciója;Frakce myší;Az egerek frakciója;Faction of the Mice;Faction of the Sice;Ìûøèíàÿ Ôğàêöèÿ;Hiirien fraktio;
MIK;Mikmaq;Micmacs;Mi'kmaq;Mikmakowie;Mikmaq;Mi'kmaq;Mikmaq;Mikmaq;Mikmaq;mikmaq;Mikmaq;Ìèêìàêè;Mikmaq;
MIK_ADJ;Mikmaq;Micmac;Mi'kmaq-;Mikmaków;Mikmaq;dei Mi'kmaq;Mikmaq;Mikmaq;Mikmaq;mikmaq;Mikmaq;Ìèêìàêñê.;Mikmaq;
MIR;Merina;Mérinas;Merina-Reich;Merina;Merina;Merina;Merina;Merina;Merina;Merina;Merina;Ìåğèíà;Merina;
MIR_ADJ;Imerina;Mérina;Merina-;Imerina;Imerina;di Merina;Imerina;Imerina;Imerina;Imerina;Imerina;Èìåğèíà;Imerina;
MJP;Majapahit;Majapahit;Majapahit;Majapahit;Majapahit;Majapahit;Majapahit;Majapahit;Majapahit;Majapahit;Majapahit;Ìàÿïàõèò;Majapahit;
MJP_ADJ;Majapahiti;du Majapahit;Majapahit-;Majapahiti;Majapahiti;di Majapahit;Majapahiti;Majapahiti;Majapahiti;Majapahiti;Majapahiti;Ìàÿïàõèòè;Majapahiti;
MKS;Makassar;Makassars;Makassar;Makasar;Macasar;Makassar;Makassar;Makassar;Makassar;Makassar;Macáçar;Ìàêàñàğ;Makassar;
MKS_ADJ;Makassari;Makassar;Makassar-;Makasaru;Macasara;di Makassar;Makassari;Makassari;Makassari;Makassari;Makassari;Ìàêàñàğñê.;Makassari;
MKU;Makua;Makuas;Makua;Makua;Makua;Makua;Makua;Makua;Makua;Makua;Macua;Ìàêóà;Makua;
MKU_ADJ;Makuan;Makua;Makua-;Makua;Makuana;di Makua;Makuan;Makuan;Makuan;Makuan;Makuan;Ìàêóàíñê.;Makuan;
ML1;Malindi;Mélinde;Malindi;Malindi;Malindio;Malindi;Malindi;Malindi;Malindi;Malindi;Melinde;Ìàëèíäè;Malindi;
ML1_ADJ;Malindi;Mélindais;Malindi-;Malindi;Malindia;di Malindi;Malindi;Malindi;Malindi;Malindi;Malindi;Ìàëèíäèéñê.;Malindi;
MLB;Manipur;Manipur;Manipur;Manipur;Manipur;Manipur;Manipur;Manipur;Manipur;Manipur;Manipur;Ìàíèïóğ;Manipur;
MLB_ADJ;Manipuri;du Manipur;Manipur-;Manipuru;Manipurana;del Manipur;Manipuri;Manipuri;Manipuri;Manipuri;Manipuri;Ìàíèïóğñê.;Manipuri;
MLC;Malacca;Malacca;Malakka;Malakka;Malaca;Malacca;Malacca;Malacca;Malacca;Malakka;Malaca;Ìàëàêêà;Malacca;
MLC_ADJ;Malaccan;de Malacca;Malakka-;Malakki;Malacana;di Malacca;Malaccan;Malaccan;Malaccan;Malakka;Malaccan;Ìàëàêêñê.;Malaccan;
MMI;Miami;Miamis;Miami;Miami;Miami;Miami;Miami;Miami;Miami;Miami;Miami;Ìàéàìè;Miami;
MMI_ADJ;Miami;Miami;Miami-;Miami;Miami;di Miami;Miami;Miami;Miami;Miami;Miami;Ìàéàìñê.;Miami;
MML;Memelland;Memelland;Memelland;Memelland;Memelland;Memel;Memelland;Memelland;Memelland;Memelland;Memelland;Ìıìıëÿíä;Memelland;
MML_ADJ;Memelländer;Memellandais;Memelländisch;Memelländer;Memelländer;di Memel;Memelländer;Memelländer;Memelländer;Memelländer;Memelländer;Ìıìıëÿíäñê.;Memelländer;
MNC;Monaco;Monaco;Monako;Monako;Mónaco;Monaco;Monaco;Monako;Monaco;Monaco;Mônaco;Ìîíàêî;Monaco;
MNC_ADJ;Monégasque;Monégasque;Monegassisch;Monégasque;Monegasco;Monegasca;monacói;Monégasque;monacói;Monégasque;Monégasque;Ìîíàêîíñê.;monacolainen;
MNR;Montserrat;Montserrat;Montserrat;Montserrat;Montserrat;Montserrat;Montserrat;Montserrat;Montserrat;Montserrat;Montserrat;Ìîíñåğğàò;Montserrat;
MNR_ADJ;Montserrat;de Montserrat;Montserrat-;Montserrat;Montserrat;di Montserrat;Montserrat;Montserrat;Montserrat;Montserrat;Montserrat;Ìîíñåğğàò;Montserrat;
MNS;Munster;Munster;Munster;Munster;Munster;Munster;Munster;Munster;Munster;Munster;Munster;Ìàíñòåğ;Munster;
MNS_ADJ;Munster;du Munster;Munster-;Munster;Munsteriana;di Munster;Munster;Munster;Munster;Munster;Munster;Ìàíñòåğñê.;Munster;
MOE;Morea;Morée;Morea;Morea;Morea;Morea;Morea;Morea;Morea;Morea;Morea;Ìîğåÿ;Morea;
MOE_ADJ;Morean;Moréen;Morea-;Morei;Moreana;Moreana;Morean;Morean;Morean;Morean;Morean;Ìîğåéñê.;Morean;
MOS_absolute_monarchy;Mossi Kingdom;Royaume Mossi;Mossi-Königreich;Królestwo Mossi;Reino de Mossi;Regno Mossi;Mossi Királyság;Mossi království;Mossi Királyság;Mossi Kingdom;Mossi Kingdom;Ìîññè Êîğîëåâñòâî;Mossi Kingdom;
MOS_absolute_monarchy_ADJ;Mossi;Mossi;Mossi-;Mossi;Mossi;dei Mossi;Mossi;Mossi;Mossi;Mossi;Mossi;Ìîñèéñê.;Mossi;
MRI;Madurai;Maduraï;Madurai;Madura;Madurai;Madurai;Madurai;Madurai;Madurai;Madurai;Madurai;Ìàäóğàé;Madurai;
MRI_ADJ;Madurai;Madurais;Madurai-;Maduraju;Madurai;di Madurai;Madurai;Madurai;Madurai;Madurai;Madurai;Ìàäóğàéñê.;Madurai;
MSK;Mosquito Coast;Côte des Mosquitos;Miskito-Küste;Wybrze¿e Miskito;Costa de miskitos;Costa di Miskito;Miskito-part;Pobøeí Miskito;Miskito-part;Miskito Coast;Costa do Miskito;Ìèñêèòî Ïîáåğåæüå;Miskito Coast;
MSK_ADJ;Miskito;Mosquito;Miskito-;Miskito;Miskito;di Miskito;Miskito;Miskito;Miskito;Miskito;Miskito;ìèñêèòî;Miskito;
MTA;Mantua;Mantoue;Mantua;Mantua;Mantua;Mantova;Mantova;Mantova;Mantova;Mantua;Mântua;Ìàíòóÿ;Mantovan;
MTA_ADJ;Mantuan;Mantouan;Mantuanisch;Mantui;Mantuana;Mantovana;mantovai;Mantuan;mantovai;Mantuan;Mantuan;Ìàíòóàíñê.;Mantuan;
MTQ;Martinique;La Martinique;Martinique;Martynika;Martinica;Martinica;Martinique;Martinik;Martinique;Martinique;Martinica;Ìàğòèíèêà;Martinique;
MTQ_ADJ;Martinique;Martiniquais;Martinique-;Martynika;Martinica;Martinica;Martinique;Martinik;Martinique;Martinique;Martinica;Ìàğòèíèêà;Martinique;
MTR;Mataram;Mataram;Mataram;Mataram;Mataram;Mataram;Mataram;Mataram;Mataram;Mataram;Mataram;Ìàòàğàì;Mataram;
MTR_ADJ;Mataram;du Mataram;Mataram-;Mataramu;Matarama;di Mataram;Mataram;Mataram;Mataram;Mataram;Mataram;Ìàòàğàìñê.;Mataram;
MUL;Multan;Moultan;Multan;Multan;Multan;Multan;Multan;Multan;Multan;Multan;Multan;Ìóëòàí;Multan;
MUL_ADJ;Multan;de Moultan;Multan-;Multanu;Multani;di Multan;Multan;Multan;Multan;Multan;Multan;Ìóëòàíñê.;Multan;
MUR;Murom;Mourom;Murom;Murom;Murom;Murom;Murom;Murom;Murom;Murom;Murom;Ìóğîì;Murom;
MUR_ADJ;Muromian;de Mourom;Murom-;Muromian;Muromian;di Murom;Muromian;Muromian;Muromian;Muromian;Muromian;Ìóğîìèàí;Muromian;
MUS;Muscowy;Moscou;Moskau;Moskwa;Moscovia;Moscovia;Muscowy;Muscowy;Muscowy;Muscowy;Moscóvia;Ìîñêâà;Muscowy;
MUS_ADJ;Moscovian;Moscovite;Moskau-;Moskwy;Moscovita;Moscovita;Moscovian;Moscovian;Moscovian;Moskouse;Moscoviano;Ìîñêîâñê.;Moscovian;
MWT;Mewat;Meouat;Mewat;Mewat;Mewat;Mewat;Mewat;Mewat;Mewat;Mewat;Mewat;Ìåâàò;Mewat;
MWT_ADJ;Mewat;de Meouat;Mewat-;Mewatu;Mewati;del Mewat;Mewat;Mewat;Mewat;Mewat;Mewat;Ìåâàòñê.;Mewat;
NAH;Navajo;Navajos;Navajo;Nawaho;Navajo;Navajo;Navajo;Navajo;Navajo;Navajo;Navajo;Íàâàõî;Navajo;
NAH_ADJ;Navajo;Navajo;Navajo-;Nawahów;Navajo;dei Navajo;Navajo;Navajo;Navajo;Navajo;Navajo;Íàâàõñê.;Navajo;
NAV;Navarra;Navarre;Navarra;Nawarra;Navarra;Navarra;Navarra;Navarra;Navarra;Navarra;Navarra;Íàâàğğà;Navarra;
NAV_ADJ;Navarrese;Navarrais;Navarra-;Nawarrsk.;Navarra;Navarrese;navarraiak;Navarrese;navarraiak;Navarrese;Navarro;Íàâàğğñê.;Navarrese;
NAX;Naxos;Naxos;Naxos;Naksos;Naxos;Nasso;Naxos;Naxos;Naxos;Naxos;Naxos;Íàêñîñ;Naxos;
NAX_ADJ;Naxosian;de Naxos;Naxos-;Naksos;de Naxos;di Nasso;Naxosian;Naxosian;Naxosian;Naxosian;Naxosiano;Íàêñîññê.;Naxosian;
NEV;Nevers;Nevers;Nevers;Nevers;Nevers;Niverno;Nevers;Nevers;Nevers;Nevers;Nevers;Íåâåğ;Nevers;
NEV_ADJ;Nivernais;Nivernais;Nevers-;Neversu;Neversa;Nivernese;Nivernais;Nivernais;Nivernais;Nivernais;Nivernais;Íåâåğíèéñê.;Nivernais;
NIZ;Deva Bengal;Déva-Bengal;Deva Bengal;Deva Bengal;Deva Bengala;Deva Bengala;Deva bengáli;Deva Bengal;Deva bengáli;Deva Bengal;Bengala Deva;Äåâà-Áåíãàë;Deva Bengal;
NIZ_ADJ;Deva Bengali;Déva-Bengalais;Deva Bengalisch;Deva Bengalu;Bengala;Deva Bengalese;Deva bengáli;Deva bengálská;Deva bengáli;Deva Bengali;Deva Bengali;Äåâàáåíãàëüñê.;Deva Bengali;
NKO;Nkore;Nkoré;Nkore;Ankole;Nkore;Nkore;Nkore;Nkore;Nkore;Nkore;Nkore;Íüÿíêîëå;Nkore;
NKO_ADJ;Nkore;du Nkoré;Nkore-;Ankole;de Nkore;di Nkore;Nkore;Nkore;Nkore;Nkore;Nkore;Íüÿíêîëüñê.;Nkore;
NOG;Nogai;Nogaïs;Nogaier;Nogajowie;Nogai;Nogai;nogaj;Nogai;nogaj;Nogai;Nogai;Íîãàéöû;Nogai;
NOG_ADJ;Nogai;Nogaï;Nogaier-;Nogajów;Nogaiana;di Nogai;nogaj;Nogai;nogaj;Nogai;Nogai;Íîãàéñê.;Nogai;
NOL;Northumberland;Northumbrie;Northumberland;Nortumbria;Northumberland;Nortumbria;Northumberland;Northumberland;Northumberland;Northumberland;Nortúmbria;Íîğòóìáğèÿ;Northumberland;
NOL_ADJ;Northumbrian;Northumbrien;Northumberländisch;Nortumbrii;Northumberliana;Nortumbra;northumberlandi;Northumbrian;northumberlandi;Northumbrian;Northumbrian;Íîğòóìáğèéñê.;Northumbrian;
NUB;Funj;Les Founji;Fung;Sennar;Funj;Fung;Funj;Funj;Funj;Funj;Senar;Ñåííàğ;Funj;
NUB_ADJ;Funj;Founji;Fung-;Sennaru;Funjesa;dei Fung;Funj;Funj;Funj;Funj;Funj;Ñåííàğñê.;Funj;
NUM;Nuremberg;Nuremberg;Nürnberg;Norymberga;Nuremburg;Norimberga;Nürnberg;Norimberk;Nürnberg;Neurenberg;Nurembergue;Íşğíáåğã;Nürnberg;
NUM_ADJ;Nuremberger;Nurembergeois;Nürnbergisch;Norymbergi;Nuremburguesa;Norimberghese;Nuremberger;Nuremberger;Nuremberger;Nuremberger;Nürnberger;Íşğíáåğãñê.;Nürnbergille;
NZH;Nizhny Novgorod;Nijni-Novgorod;Nischni Nowgorod;Nizny Nowogród;Nizhny Novgorod;Ninij Novgorod;Nyizsnyij Novgorod;Ninij Novgorod;Nyizsnyij Novgorod;Nizhny Novgorod;Nizhny Novgorod;Íèæíèé Íîâãîğîä;Nizhny Novgorod;
NZH_ADJ;Nizhny Novgorodian;Nijni-Novgorodien;Nischni Nowgorod-;Nizny Novgorodian;Nizhny Novgorodian;di Ninij Novgorod;Nyizsnyij novgorodi;Ninij Novgorodskımi;Nyizsnyij novgorodi;Nizhny Novgorodian;Nizhny Novgorodian;Íèæåãîğîäñê.;Nizhny Novgorodin;
ODA;Oda;Oda;Oda;Oda;Oda;Oda;Oda;Oda;Oda;Oda;Oda;Îäà;Oda;
ODA_ADJ;Oda;d'Oda;Oda-;Ody;Oda;di Oda;Oda;Oda;Oda;Oda;Oda;Îäñê.;Oda;
OGO;Ostrogothia;Ostrogothie;Ostgoten;Ostrogothia;Ostrogothia;Ostrogozia;Ostrogothia;Ostrogothia;Ostrogothia;Ostrogothia;Ostrogothia;Îñòãîôèÿ;Ostrogothia;
OGO_ADJ;Ostrogothic;Ostrogothique;Ostgotik;Ostrogothic;Ostrogótico;Ostrogota;osztrogót;Ostrogótština;osztrogót;Ostrogotische;Ostrogótica;Îñòğîãîòîâ;Ostrogothic;
OIR;The Oirat Horde;La Horde d'Oirat;Die Oirat-Horde;Oirat Horde;La Horda de Oirat;L'Orda Oirat;A Oirat Horde;Oirat Horde;A Oirat Horde;de Oirat Horde;A Horda Oirate;Îğäà Îéğàòà;Oirat Horde;
OIR_ADJ;Oirat;Oirat;Oiratisch;Ojratów;Oirat;degli Oirat;Oirat;Oirat;Oirat;Oirat;Oirat;Îéğàòñê.;Oirat;
OIR_democracy;The Oirat Republic;La République d'Oirat;Die Oirat-Republik;Republika Oirat;La República de Oirat;La Repubblica Oirat;A Oirat Köztársaság;Oirat republika;A Oirat Köztársaság;de Oirat Republiek;A República de Oirat;Ğåñïóáëèêà Îéğàò;Oirat tasavalta;
OIR_proletarian_dictatorship;The Oirat Proletariate;Le Prolétariat d'Oirat;Das Oirat-Proletariat;Oirat Proletariate;El Proletariado de Oirat;Il Proletariato Oirat;A Oirat proletariátus;Oirat Proletariate;A Oirat proletariátus;de Oirat proletariaat;O Proletariado de Oirat;Îéğàòñêèé Ïğîëåòàğèàò;Oirat Proletariate;
OJI;Ojibwa;Ojibwés;Ojibwe;Od¿ibwejowie;Ojibwe;Ojibwa;ojibwa;Ojibwa;ojibwa;Ojibwa;Ojibwe;Îäæèáâå;odibwa;
OJI_ADJ;Ojibwa;Ojibwé;Ojibwe-;Od¿ibwejów;Ojibwe;degli Ojibwa;ojibwa;Ojibwa;ojibwa;Ojibwa;Ojibwa;Îäæèáâåñê.;odibwa;
OKA;Odoyev;Odoyev;Odojew;Odojew;Odóyev;Odojev;Odoyev;Odoyev;Odoyev;Odoyev;Odoyev;Îäîåâ;Odoyev;
OKA_ADJ;Odoyev;d'Odoyev;Odojew-;Odojewa;de Odóyev;di Odojev;Odoyev;Odoyev;Odoyev;Odoyev;Odoyev;Îäîåâñê.;Odoyev;
ORL;Orléans;Orléans;Orléans;Orlean;Orléans;Orleano;Orléans;Orléans;Orléans;Orléans;Orleães;Îğëåàí;Orléans;
ORL_ADJ;Orléanais;Orléanais;Orléans-;Orleanii;Orleansesa;Orleanese;Orléanais;Orléanais;Orléanais;Orléanais;Orléanais;Îğëåàíñê.;Orléanais;
OSA;Osage;Osage;Osage;Osagowie;Osage;Osage;Osage;Osage;Osage;Osage;Osage;Îñåéäæè;Osage;
OSA_ADJ;Osage;d'Osage;Osage-;Osagów;Osage;di Osage;Osage;Osage;Osage;Osage;Osage;Îñåéäæñê.;Osage;
OTM;Otomo;Otomo;Otomo;Otomo;Otomo;Otomo;Otomo;Otomo;Otomo;Otomo;Otomo;Îòîìî;Otomo;
OTM_ADJ;Otomo;d'Otomo;Otomo-;Otomo;Otomo;di Otomo;Otomo;Otomo;Otomo;Otomo;Otomo;Îòîìñê.;Otomo;
OTT;Ottawa;Ottawa;Ottawa;Ottawowie;Ottawa;Ottawa;Ottawa;Ottawa;Ottawa;Ottawa;Ottawa;Îòòàâà;Ottawa;
OTT_ADJ;Ottawa;Ottavien;Ottawa-;Ottawów;Ottawa;Ottawana;Ottawa;Ottawa;Ottawa;Ottawa;Ottawa;Îòòàâñê.;Ottawa;
OUC;Ouchi;Ouchi;Ouchi;Ouchi;Ouchi;Ouchi;Ouchi;Ouchi;Ouchi;Ouchi;Ouchi;Îóòè;Ouchi;
OUC_ADJ;Ouchi;d'Ouchi;Ouchi-;Ouchi;Ouchi;di Ouchi;Ouchi;Ouchi;Ouchi;Ouchi;Ouchi;Îóòèéñê.;Ouchi;
PAE;Paertia;Paërthe;Pärthien;Pajrfja;Percia;Perzia;Paerzsa;Párfie;Paerzsa;Pijrsië;Paérça;Ïåğôèÿ;Pärtia;
PAE_ADJ;Paertian;Paërthan;Pärthisch;Pajrski;Perca;Perziano;Paerzsa;Párftina;Paerzsa;Pijrsisch;Paérça;Ïåğôèäñê.;Pärtia;
PAT;Pattani;Pattani;Pattani;Pattani;Patani;Pattani;Pattani;Pattani;Pattani;Pattani;Pattani;Ïàòòàíè;Pattani;
PAT_ADJ;Pattani;du Pattani;Pattani-;Pattani;Patánida;di Pattani;Pattani;Pattani;Pattani;Pattani;Pattani;Ïàòòàíñê.;Pattani;
PEG;Pegu;Pégou;Pegu;Pegu;Pegu;Pegu;Pegu;Pegu;Pegu;Pegu;Pegu;Ïåãó;Pegu;
PEG_ADJ;Pegu;du Pégou;Pegu-;Pegu;Peguana;di Pegu;Pegu;Pegu;Pegu;Pegu;Pegu;Ïåãóñê.;Pegu;
PEQ;Pequot;Pequots;Pequot;Pekoci;Pequot;Pequot;Pequot;Pequot;Pequot;Pequot;Pequot;Ïåêîòû;Pequot;
PEQ_ADJ;Pequot;Pequot;Pequot-;Pekotów;Pequot;di Pequot;Pequot;Pequot;Pequot;Pequot;Pequot;Ïåêîòñê.;Pequot;
PHA;Ü ;Ü ;Ü ;Ü ;Ü ;Ü ;Ü ;Ü ;Ü ;Ü ;Ü ;Ó ;Ü ;
PHA_ADJ;Üic;d'Ü;Üisch;Üa;de Ü;di Ü;Ü-;Ü-;Ü-;Ü-;Ü-;Óñê.;Ü-;
PIM;Pima;Pimas;Pima;Pima;Pima;Pima;Pima;Pima;Pima;Pima;Pima;Ïèìà;Pima;
PIM_ADJ;Pima;Pima;Pima-;Pimów;Pima;di Pima;Pima;Pima;Pima;Pima;Pima;Ïèìñê.;Pima;
PIS;Pisa;Pise;Pisa;Piza;Pisa;Pisa;Pisa;Pisa;Pisa;Pisa;Pisa;Ïèçà;pisa;
PIS_ADJ;Pisan;Pisan;Pisa-;Pizy;Pisana;Pisana;Pisan;Pisan;Pisan;pisan;Pisan;Ïèçàíñê.;Pisan;
PLT;Polotsk;Polotsk;Polozk;Polock;Polotsk;Polack;Polotsk;Polotsk;Polotsk;Polotsk;Polotsk;Ïîëîöê;Polotsk;
PLT_ADJ;Polotskian;de Polotsk;Polozk-;Polotskian;Polotskian;di Polack;Polotskian;Polotskian;Polotskian;Polotskian;Polotskian;Ïîëîòñêèàí;Polotskian;
POT;Potawatomi;Potéouatamis;Potawatomi;Potawatomi;Potawatomi;Potawatomi;Potawatomi;Potawatomi;Potawatomi;Potawatomi;Potawatomi;Ïîòàâàòîìè;Potawatomi;
POT_ADJ;Potawatomi;Potéouatami;Potawatomi-;Potawatomów;Potawatomi;dei Potawatomi;Potawatomi;Potawatomi;Potawatomi;Potawatomi;Potawatomi;Ïîòàâàòîìñê.;Potawatomi;
POW;Powhatan;Powhatans;Powhatan;Powatanowie;Powhatan;Powhatan;Powhatan;Powhatan;Powhatan;Powhatan;Powhatan;Ïîóõàòàíû;Powhatan;
POW_ADJ;Powhatan;Powhatan;Powhatan-;Powatanów;Powhatan;di Powhatan;Powhatan;Powhatan;Powhatan;Powhatan;Powhatan;Ïîóõàòàíñê.;Powhatan;
PSK;Pskov;Pskov;Pskow;Psków;Pskov;Pskov;Pszkov;Pskov;Pszkov;Pskov;Pskov;Ïñêîâ;Pihkovan;
PSK_ADJ;Pskovian;de Pskov;Pskow-;Pskowa;Pskoviana;di Pskov;Pskovian;Pskovian;Pskovian;Pskovian;Pskovian;Ïñêîâñê.;Pskovian;
PUE;Pueblo;Pueblos;Pueblo;Pueblo;Pueblo;Pueblo;Puebló;pueblo;Puebló;Pueblo;Pueblo;Ïóıáëî;Pueblo;
PUE_ADJ;Pueblo;Pueblo;Pueblo-;Pueblów;Pueblo;di Pueblo;Puebló;pueblo;Puebló;Pueblo;Pueblo;Ïóıáëñê.;Pueblo;
PYO;Pyongyang;Pyongyang;Pjöngjang;Phenian;Pyongyang;Pyongyang;Phenjan;Pchjongjang;Phenjan;Pyongyang;Pyongyang;Ïõåíüÿí;Pjongjang;
PYO_ADJ;Pyongyang;Pyongyangaise;Pjöngjang-;Pheniansk.;de Pyongyang;di Pyongyang;Phenjan;Pchjongjang;Phenjan;Pyongyang;de Pyongyang;ïõåíüÿíñê.;Pjongjang;
PYO_proletarian_dictatorship;DPR Korea;RPD Corée;DVR Korea;Korea Pó³nocna;RPD Corea;RPD Corea;Korea KND;DPR Korea;Korea KND;DPR Korea;RPD Korea;ÍÄĞ Êîğåÿ;Korean demokraattinen tasavalta;
PYO_proletarian_dictatorship_ADJ;Korean;Coréenne;Koreanisch;Koreañsk.;Coreana;Coreana;Koreai;Korejskı;Koreai;Koreaans;Coreano;êîğåéñê.;korealainen;
PYO_fascist_dictatorship;Juche Korea;Corée Juche;Korea Juche;Juche-Korea;Corea Juche;Corea Juche;Juche Korea;Juche Korea;Juche Korea;Juche Korea;Corea Juche;×ó÷õå Êîğåÿ;Juche Korea;
PYO_fascist_dictatorship_ADJ;Korean;Coréenne;Koreanisch;Koreañsk.;Coreana;Coreana;Koreai;Korejskı;Koreai;Koreaans;Coreano;êîğåéñê.;korealainen;
QAR;Qara Koyunlu;Qara Qoyunlu;Qara Qoyunlu;Kara Kojunlu;Qara Qoyunlu;Kara Koyunlu;Qara Koyunlu;Qara Koyunlu;Qara Koyunlu;Qara Koyunlu;Qara Qoyunlu;Êàğà-Êîşíëó;Qara Koyunlu;
QAR_ADJ;Qara Koyunlu;du Qara Qoyunlu;Qara Qoyunlu-;Kara Kojunlu;Qara Qoyunlesa;di Kara Koyunlu;Qara Koyunlu;Qara Koyunlu;Qara Koyunlu;Qara Koyunlu;Qara Koyunlu;Êàğà-êîşíëóñê.;Qara Koyunlu;
QAS;Qashqai;Le Khanat de Qasim;Das Kassimow-Khanat;Kasim Chanat;El Qasim Khanate;Il Khanato di Kazim;A Qasim Khanate;Qasim Khanate;A Qasim Khanate;de Qasim Khanate;O Qasim Khanate;Êàñèìñêîå Õàíñòâî;Qasim Khanate;
QAS_ADJ;Qashqai;de Qasim;Kassimow-;Kasymowa;Qasimana;di Kazim;Qasim;Qasim;Qasim;Qasim;Qasim;Êàñèìîâñê.;Qasim;
QAS_democracy;The Qashqai Republic;La République de Qasim;Die Kassimow-Republik;Republika Qasim;La República Qasim;La Repubblica di Kazim;A Qasim Köztársaság;Qasim republika;A Qasim Köztársaság;de Qasim Republiek;A República Qasim;Ğåñïóáëèêà Êàñèì;Qasim tasavalta;
QAS_proletarian_dictatorship;The People's State of Qashqai;Le Prolétariat de Qasim;Das Kassimow-Proletariat;Kasim Proletariate;El Proletariado Qasim;Il Proletariato di Kazim;A Qasim proletariátus;Qasim Proletariate;A Qasim proletariátus;Qasim het proletariaat;O Proletariado Qasim;Ïğîïàãàíäà Êàñèìà;Qasim Proletariate;
QIN;The Qin Dynasty;Dynastie Qin;Die Qin-Dynastie;Dynastia Qin;La dinastía Qin;Dinastia Qin;A Qin-dinasztia;dynastie Cchin;A Qin-dinasztia;de Qin-dynastie;A Dinastia Qin;Äèíàñòèÿ Öèíü;Qin-dynastian;
QIN_ADJ;Qin;Qin;Qin-;Qin;Qin;dei Qin;Qin;Qin;Qin;Qin;Qin;Öèíü;Qin;
QIN_democracy;The Republic of Qin;La République des Qins;Die Qin-Republik;Republika Qin;La República de Qin;Repubblica dei Qin;Köztársaság Qin;Republiky Qin;Köztársaság Qin;de Republiek Qin;A República de Qin;Ğåñïóáëèêà Öèíü;tasavallan Qin;
QIN_fascist_dictatorship;The Beijing Republic;La République de Pékin;Die Pekinger Republik;Republika Beijing;La república de Beijing;Repubblica di Pechino;A pekingi Köztársaság;Peking republika;A pekingi Köztársaság;de Beijing Republiek;A república de Beijing;Ïåêèíñêàÿ Ğåñïóáëèêà;Peking tasavalta;
QIN_fascist_dictatorship_ADJ;Beijing;Pékin;Peking;Pekin;Beijing;Pechinese;Peking;Peking;Peking;Beijing;Pequim;Ïåêèí;Peking;
QIN_proletarian_dictatorship;The People's Republic of Qin;La République Populaire des Qins;Die Qin-Volksrepublik;Chiñska Republika Ludowa Qin;La República Popular de Qin;Repubblica Popolare dei Qin;A Népköztársaság Qin;Qin lidové republiky;A Népköztársaság Qin;de People's Republic of Qin;A República Popular da Qin;Íàğîäíàÿ Ğåñïóáëèêà Öèíü;kansantasavallan Qin;
RAG;Ragusa;Raguse;Ragusa;Raguza;Ragusa;Ragusa;Ragusa;Ragusa;Ragusa;Ragusa;Ragusa;Ğàãóçà;Ragusa;
RAG_ADJ;Ragusan;Ragusien;Ragusa-;Raguzy;Ragusana;Ragusana;Ragusan;Ragusan;Ragusan;Ragusan;Ragusan;Ğàãóçñê.;Ragusan;
RAM;Ramazan;Ramazan;Ramazan;Ramazan;Ramazan;Ramazan;Ramazan;Ramazan;Ramazan;Ramazan;Ramazan;Ğàìàçàí;Ramazan;
RAM_ADJ;Ramazanid;Ramazanide;Ramazanid;Ramazanid;Ramazanid;Ramazanide;Ramazanid;Ramazanid;Ramazanid;Ramazanid;Ramazanid;Ğàìàçàíèä;Ramazanid;
RFR;Nanbu;Nanbu;Nanbu;Nanbu;Nanbu;Nanbu;Nanbu;Nanbu;Nanbu;Nanbu;Nanbu;Íàíáó;Nanbu;
RFR_ADJ;Nanbu;de Nanbu;Nanbu-;Nanbu;Nanbu;di Nanbu;Nanbu;Nanbu;Nanbu;Nanbu;Nanbu;Íàíáó;Nanbu;
RME_radical;Res Monetaria;Res Monétaria;Res Monetaria;Res Monetaria;Res Monetaria;Res Monetaria;res Monetaria;Res Monetaria;res Monetaria;Res Monetaria;Res Monetaria;Ğåñ Ìîíåòàğèà;Res monetaria;
RME_communist;Koinotita;Coïnotite;Könotita;Koinotita;Koinotita;Coinotita;Koinotita;Koinotita;Koinotita;Koinotita;Koinotita;Êîèíîòèòà;Koinotita;
RME_conservative;Status Quo Faction;Faction du Status Quo;Status Quo Fraktion;Status quo Faction;Status Quo Faction;Fazione dello Status Quo;Status Quo Frakció;Status Quo Faction;Status Quo Frakció;Status Quo Faction;Status Quo Faction;Ñòàòóñ Êâî Ôğàêöèÿ;Status Quo Faction;
RME_fascist;Caesar's Faction;Faction de César;Cäsars Fraktion;Frakcja Cezara;Facción de César;Fazione di Cesare;Caesar Frakció;Caesaruv Faction;Caesar Frakció;Caesar's Faction;Faction de César;Ôğàêöèÿ Öåçàğÿ;Caesarin Faction;
RME_foederati;Foederati;Fœdérati;Föderati;Foederati;Foederati;Fœderati;Foederati;Foederati;Foederati;Foederati;Foederati;Ôåäåğàòû;Foederati;
RME_Kyriarchia;Kyriarchia;Cyriarchie;Kyriarchien;Kyriarchia;Kyriarchia;Cyriarchia;Kyriarchia;Kyriarchia;Kyriarchia;Kyriarchia;Kyriarchia;Êûğèàğ÷èà;Kyriarchia;
RME_liberal;Res Liberalia;Res Libéralia;Res Liberalia;Res Liberalia;Res Liberalia;Res Liberalia;res Liberalia;Res Liberalia;res Liberalia;Res Liberalia;Res Liberalia;Ğåñ Ëèáåğàëèà;Res Liberalia;
RME_radical_party;Res Plutonis;Res Plutonis;Res Plutonis;Res Plutonis;Res Plutonis;Res Plutonis;res Plutonis;Res Plutonis;res Plutonis;Res Plutonis;Res Plutonis;Ğåñ Ïëóòîíèñ;Res Plutonis;
RME_reactionary;Patrikioi;Patriquioï;Patrikiön;Patrikioi;Patrikioi;Patrichioi;Patrikioi;Patrikioi;Patrikioi;Patrikioi;Patrikioi;Ïàòğèêèîè;Patrikioi;
RME_socialist;Koinonikistai;Coïnoniquistaï;Könonikistä;Koinonikistai;Koinonikistai;Coinochistai;Koinonikistai;Koinonikistai;Koinonikistai;Koinonikistai;Koinonikistai;Êîèíîíèêèñòàè;Koinonikistai;
RME_varangian_guard;Varangian Guard;Garde Varègue;Warägergarde;Varangian Guard;Varangian Guard;Guardia Varangia;Varangian Guard;Varangian Guard;Varangian Guard;Varangian Guard;Varangian Guard;Âàğÿæñêàÿ Ãâàğäèÿ;Varangian Guard;
RME_XKM;XKM;XKM;XKM;XKM;XKM;XKM;XKM;XKM;XKM;XKM;XKM;ÕÊÌ;XKM;
TPT;Tippu Tip;;;;;;;;;;;;;
TPT_ADJ;Tippu;;;;;;;;;;;;;
RVA;Ravensburg;Ravensbourg;Ravensburg;Ravensburg;Ravensburgo;Ravensburg;Ravensburg;Ravensburg;Ravensburg;Ravensburg;Ravensburg;Ğàâåíñáóğã;Ravensburg;
RVA_ADJ;Ravensburger;Ravensbourgeois;Ravensburgisch;Ravensburgu;Ravensburguesa;di Ravensburg;Ravensburger;Ravensburger;Ravensburger;Ravensburger;Ravensburger;Ğàâåíñáóğãñê.;Ravensburger;
RYA;Ryazan;Riazan;Rjasan;Riazañ;Riazán;Rjazan';Ryazan;Ryazan;Ryazan;Ryazan;Riazan;Ğÿçàíü;Ryazan;
RYA_ADJ;Ryazani;Riazannais;Rjasan-;Riazania;Riazanesa;di Rjazan';Ryazani;Ryazani;Ryazani;Ryazani;Ryazani;Ğÿçàíñê.;Ryazani;
RZW;Butua;Butua;Butua;Butua;Butua;Butua;Butua;Butua;Butua;Butua;Butua;Áóòóà;Butua;
RZW_ADJ;Butuan;de Butua;Butua-;Butuan;Butuana;di Butua;Butuan;Butuan;Butuan;Butuan;Butuan;Áóòóàíñê.;Butuan;
SAM;Samos;Samos;Samos;Samos;Samos;Samo;Samos;Samos;Samos;Samos;Samos;Ñàìîñ;Samoksen;
SAM_ADJ;Samos';Samosien;Samos-;Samos ';Samos;Samoese;Samos';Samos;Samos';Samos';Samos;Ñàìîñ;Samoksen;
SDT;Sudetenland;Sudètes;Sudetenland;Sudety;Sudetenland;Sudeti;Szudéta;Sudety;Szudéta;Sudetenland;Sudetenland;Ñóäåòñêîé;sudeettialueella;
SDT_ADJ;Sudeten-;Sudète;Sudeten-;Sudecki;Sudeten-;Sudeta;Sudeten-;Sudety;Sudeten-;Sudeten-;Sudetos;Ñóäåòñê.;Sudeten-;
SEY;Seychelles;les Seychelles;Die Seychellen;Seszele;Seychelles;Seicelle;Seychelles;Seychely;Seychelles;Seychellen;Seychelles;Ñåéøåëüñêèå;Seychellit;
SEY_ADJ;Seychellois;Seychellois;Seychellisch;Seszellois;Seychelles;Seicellese;Seychellois;Seychellois;Seychellois;Seychellen;Seichelense;Ñåéøåëüñê.;Seychellien;
SGH;Songhai;Songhaï;Songhai;Songhaj;Songhai;Songhai;szongai;Songhai;szongai;Songhai;Songai;Ñîíãàé;Songhai;
SGH_ADJ;Songhai;Songhaï;Songhai-;Songhaju;Songhai;dei Songhai;szongai;Songhai;szongai;Songhai;Songhai;Ñîíãàéñê.;Songhai;
SGP;Singapore;Singapour;Singapur;Singapur;Singapur;Singapore;Singapore;Singapur;Singapore;Singapore;Cingapura;Ñèíãàïóğ;Singapore;
SGP_ADJ;Singaporean;Singapourien;Singapurisch;Singapurski;Singapurense;Singaporeana;szingapúri;Singapurskı;szingapúri;Singaporees;Cingapuriano;ñèíãàïóğñê.;singaporelainen;
SHD;Shantung;Shantung;Shantung;Shantung;Shantung;Shantung;Shantung;Shantung;Shantung;Shantung;Shantung;Øàíüäóí;Shantung;
SHD_ADJ;Shantung;du Shantung;Shantung-;Shantungsk.;de Shantung;dello Shantung;Shantung;Shantung;Shantung;Shantung;de Shantung;Øàíüäóíà;Shantung;
SHG;Shanghai;Chang-Haï;Schanghai;Szanghaj;Shangai;Shanghai;Shanghai;Šanghaj;Shanghai;Shanghai;Xangai;Øàíõàé;Shanghai;
SHG_ADJ;Shanghai;de Chang-Haï;Schanghai-;Szanghajsk.;de Shangai;di Shanghai;Shanghai;Šanghaj;Shanghai;Shanghai;de Xangai;øàíõàéñê.;Shanghai;
SHS;Shoshone;Shoshones;Schoschonen;Szoszoni;Shoshone;Shoshone;Shoshone;Shoshone;Shoshone;Shoshone;Shoshone;Øîøîíû;Shoshone;
SHS_ADJ;Shoshone;Shoshone;Schoschonen-;Szoszonów;Shoshone;di Shoshone;Shoshone;Shoshone;Shoshone;Shoshone;Shoshone;Øîøîíñê.;Shoshone;
SHX;Shawnee;Shawnees;Shawnee;Szaunisi;Shawnee;Shawnee;Shawnee;Shawnee;Shawnee;Shawnee;Shawnee;Øàóíè;Shawnee;
SHX_ADJ;Shawnee;Shawnee;Shawnee-;Szaunisów;Shawnee;di Shawnee;Shawnee;Shawnee;Shawnee;Shawnee;Shawnee;Øàóíñê.;Shawnee;
SIH;Sibir;Sibir;Sibir;Sibir;Sibir;Sibir;sibir;Sibir;sibir;Sibir;Sibir;Ñèáèğ;Sibir;
SIH_ADJ;Sibirian;Sibirien;Sibirisch;Sibirian;Sibirán;di Sibir;Sibirian;Sibirskı;Sibirian;Sibirian;Sibirian;Ñèáèğñêèå;Sibirian;
SKN;Saint Kitts and Nevis;Saint-Christophe-et-Niévès;St. Kitts und Nevis;Saint Kitts i Nevis;San Cristóbal y Nieves;Saint Kitts e Nevis;Saint Kitts és Nevis;Svatı Kryštof a Nevis;Saint Kitts és Nevis;Saint Kitts en Nevis;São Cristóvão e Nevis;Ñåíò-Êèòñ è Íåâèñ;Saint Kitts ja Nevis;
SKN_ADJ;Kitts;Christophrien;Kitts-;Kitts;Kitts;Cristoforina;Kitts;Kitts;Kitts;Kitts;Cristóvão;Êèòòñ;Kitts;
SLN;Sligo;Sligo;Sligo;Sligeach;Sligo;Sligo;Sligo;Sligo;Sligo;Sligo;Sligo;Ñëàéãî;Sligo;
SLN_ADJ;Sligonian;de Sligo;Sligo-;Sligeach;Sligoniana;di Sligo;Sligonian;Sligonian;Sligonian;Sligonian;Sligonian;Ñëàéãîíñê.;Sligonian;
SLZ;Salzburg;Salzbourg;Salzburg;Salzburg;Salzburgo;Salisburgo;Salzburg;Salzburg;Salzburg;Salzburg;Salzburgo;Çàëüöáóğã;Salzburg;
SLZ_ADJ;Salzburgian;Salzbourgeois;Salzburgisch;Salzburga;Salzburguesa;Salisburghese;salzburgi;Salzburgian;salzburgi;Salzburgse;Salzburgian;Çàëüöáóğãñê.;Salzburgian;
SMK;Smolensk;Smolensk;Smolensk;Smolensk;Smolensk;Smolensk;Szmolenszk;Smolensk;Szmolenszk;Smolensk;Smolensk;Ñìîëåíñê;Smolensk;
SMK_ADJ;Smolenskian;de Smolensk;Smolensk;Smoleñskian;Smolenskian;di Smolensk;Smolenskian;Smolenskian;Smolenskian;Smolenskian;Smolenskian;Ñìîëåíñêèàí;Smolenskian;
SMR;San Marino;Saint-Marin;San Marino;San Marino;San Marino;San Marino;San Marino;San Marino;San Marino;San Marino;San Marino;Ñàí-Ìàğèíî;San Marino;
SMR_ADJ;Sammarinese;Saint-Marinais;San-Marinesisch;Sammarinese;Sammarinés;Sammarinese;Sammarinese;Sammarinese;Sammarinese;Sammarinese;Sammarinese;Ñàí-Ìàğèíî;Sammarinese;
SMZ;Shimazu;Shimazu;Shimazu;Shimazu;Shimazu;Shimazu;Shimazu;Šimazu;Shimazu;Shimazu;Shimazu;Ñèìàäçó;Shimazu;
SMZ_ADJ;Shimazu;de Shimazu;Shimazu-;Shimazu;Shimazu;di Shimazu;Shimazu;Šimazu;Shimazu;Shimazu;Shimazu;Ñèìàäçóñê.;Shimazu;
SNA;Siena;Sienne;Siena;Siena;Siena;Siena;Siena;Siena;Siena;Siena;Siena;Ñèåíà;Siena;
SNA_ADJ;Sienese;Siennois;Siena-;Sieny;Sienesa;Senese;sienai;Sienese;sienai;Siena;Sienese;Ñèåíñê.;Sienese;
SOF;Sofala;Sofala;Sofala;Sofala;Sofala;Sofala;Sofala;Sofala;Sofala;Sofala;Sofala;Ñîôàëà;Sofala;
SOF_ADJ;Sofalan;de Sofala;Sofala-;Sofali;Sofala;di Sofala;Sofalan;Sofalan;Sofalan;Sofalan;Sofalan;Ñîôàëüñê.;Sofalan;
SRU;Saruhan;Saruhan;Saruhan;Saruhan;Saruhan;Saruhan;Saruhan;Saruhan;Saruhan;Saruhan;Saruhan;Ñàğóõàí;Saruhan;
SRU_ADJ;Saruhanid;Saruhanide;Saruhanid;Saruhanid;Saruhanid;Saruhanide;Saruhanid;Saruhanid;Saruhanid;Saruhanid;Saruhanid;Ñàğóõàíèä;Saruhanid;
SSU;South Sudan;Soudan du Sud;Der Südsudan;Po³udniowy Sudan;Sudán del Sur;Sudan del Sud;Dél Szudán;jiní Súdán;Dél Szudán;Zuid Soedan;Sudão do Sul;Şæíûé Ñóäàí;Eteläsudan;
SSU_ADJ;South Sudanese;Sud-Soudanais;Südsudanesisch;Sudañczycy Po³udniowi;Sudán del sur;Sudsudanese;Dél-Szudán;Jiní Súdánština;Dél-Szudán;Zuid-Soedanees;Sudanês do sul;Şæíûé Ñóäàí;Etelä-Sudanissa;
STL;Saint Lucia;Sainte-Lucie;St. Lucia;Saint Lucia;Santa Lucía;Santa Lucia;Saint Lucia;Svatá Lucie;Saint Lucia;Saint Lucia;Santa Lúcia;Ñàíêò-Ëşñèÿ;Saint Lucia;
STL_ADJ;Lucian;Lucien;Lucianisch;Lucian;Lucian;Luciana;Lucian;Lucian;Lucian;Lucian;Lucian;Ëşñèñê.;Lucian;
STV;Saint Vincent and the Grenadines;Saint-Vincent-et-les-Grenadines;St. Vincent und die Grenadinen;Saint Vincent i Grenadyny;San Vicente y las Granadinas;Saint Vincent e Grenadine;Saint Vincent és a Grenadine-szigetek;Svatı Vincent a Grenadiny;Saint Vincent és a Grenadine-szigetek;Saint Vincent en de Grenadines;São Vicente e Granadinas;Ñâÿòîé Âèíñåíò è Ãğåíàäèíû;Saint Vincent ja Grenadiinit;
STV_ADJ;Vincentian;Vincentien;Vincentisch;Wincentyñczyk;Vicentino;Vincenzina;Vincentian;Vincentian;Vincentian;Vincentian;Vicentino;Âèíñåíòèàíñêîé;Vincentian;
STY;Styria;Styrie;Steiermark;Styria;Estiria;Stiria;Stájerország;Štırsko;Stájerország;Stiermarken;Estíria;Øòèğèÿ;Steiermark;
STY_ADJ;Styrian;Styrien;Steirisch;Styrii;Estiriana;Stira;stájer;Štırská;stájer;Styrian;Estíria;Øòèğèéñê.;Styrian;
SUE;The Kingdom of the Suebi;Le Royaume des Suèves;Das Königreich der Sueben;Królestwo Suebi;El Reino de los Suevos;Regno degli Svevi;A Suebi Királysága;Království Suebí;A Suebi Királysága;Het koninkrijk van de Suebi;O Reino dos Suebi;Êîğîëåâñòâî Ñóıáè;Suebin kuningaskunta;
SUE_ADJ;Suebi;Suève;Suebisch;Suebi;Suebi;Sveva;szvébek;Suebi;szvébek;Suebi;Suebi;Ñâåâ.;Sveba;
SUE_parliamentary_republic;The Senate of the Suebi;Le Sénat des Suèves;Der Senat der Sueben;Senat Suebi;El Senado de los Suevos;Senato degli Svevi;A Suebi Szenátusa;Senátu Suebu;A Suebi Szenátusa;De Senaat van de Suebi;O Senado do Suebi;Ñåíàò Ñóıáè;Suebin senaatti;
SUE_democracy;The Republic of the Suebi;La République des Suèves;Die Republik der Sueben;Republika Suebi;La República de los Suevos;Repubblica degli Svevi;A Suebi Köztársaság;Republika Suebi;A Suebi Köztársaság;De republiek van de Suebi;A República dos Suebi;Ğåñïóáëèêà Ñóıáè;Suebin tasavalta;
SUE_fascist_dictatorship;The Duchy of the Suebi;Le Duché des Suèves;Das Herzogtum der Sueben;Ksiêstwo Suebi;El ducado de Suebi;Ducato degli Svevi;A Suebi Duchyája;Vévodství Suebí;A Suebi Duchyája;Het hertogdom van de Suebi;O Ducado do Suebi;Ãåğöîãñòâî Ñóıáè;Suebin herttuatar;
SUE_presidential_dictatorship;The Senate of the Suebi;Le Sénat des Suèves;Der Senat der Sueben;Senat Suebi;El Senado de los Suevos;Senato degli Svevo;A Suebi Szenátusa;Senátu Suebu;A Suebi Szenátusa;De Senaat van de Suebi;O Senado do Suebi;Ñåíàò Ñóıáè;Suebin senaatti;
SUE_proletariat_dictatorship;The Commune of the Suebi;La Commune des Suèves;Die Gemeinde der Sueben;Gmina Suebi;La Comuna de Suebi;Commune degli Svevi;A Suebi községe;Komuna Suebí;A Suebi községe;De gemeente van de Suebi;A Comuna dos Suebi;Êîììóíà Ñóıáû;Suebin kunta;
SUE_theocracy;The Papacy of the Suebi;La Papauté des Suèves;Das Papsttum der Sueben;Papiestwo Suebi;El papado de los suevos;Papato degli Svevi;A Suebi papsága;Papeství Suebi;A Suebi papsága;Het pausdom van de Suebi;O Papado do Suebi;Ïàïñòâî Ñóıáè;Suebin papti;
SUK;Sukhothai;Sukhothaï;Sukhothai;Sukhothai;Sukhothai;Sukhothai;Sukhothai;Sukhothai;Sukhothai;Sukhothai;Sukhothai;Ñóêõîòàè;Sukhothai;
SUK_ADJ;Sukhothai;du Sukhothaï;Sukhothai-;Sukhothai;Sukhothai;di Sukhothai;Sukhothai;Sukhothai;Sukhothai;Sukhothai;Sukhothai;Ñóêõîòàè;Sukhothai;
SUS;Suur-Suomi;Suur-Suomi;Suur-Suomi;Suur-Suomi;;Suur-Suomi;;z;;;;;;
SUS_ADJ;Finnish;Finnish;Finnish;Finnish;;Finnish;;y;;;;;;
SWA;Swahili;Souahélis;Suaheli;suahili;swahili;Swahili;szuahéli;svahilština;szuahéli;Swahili;Swahili;Ñóàõèëè;Suahili;
SWA_ADJ;Swahili;Souahéli;Suaheli-;suahili;swahili;degli Swahili;szuahéli;svahilština;szuahéli;Swahili;Swahili;Ñóàõèëè;Suahili;
SYO;Soyo;Soyo;Soyo;Soyo;Soyo;Soyo;Soyo;Soyo;Soyo;Soyo;Sonho;Ñîéî;Soyo;
SYO_ADJ;Soyoan;de Soyo;Soyo-;Soyo;Soyana;di Soyo;Soyoan;Soyoan;Soyoan;Soyoan;Soyoan;Ñîéîíñê.;Soyoan;
TAC;Tachibana;Tachibana;Tachibana;Tachibana;Tachibana;Tachibana;Tachibana;Tachibana;Tachibana;Tachibana;Tachibana;Òàòèáàíà;Tachibana;
TAC_ADJ;Tachibana;de Tachibana;Tachibana-;Tachibana;Tachibana;di Tachibana;Tachibana;Tachibana;Tachibana;Tachibana;Tachibana;Òàòèáàíà;Tachibana;
TAM;Transamur;Transamour;Transamur;Transamur;Transamur;Transamur;Transamur;Transamur;Transamur;Transamur;Transamur;Òğàíñàìóğ;Transamur;
TAM_ADJ;Transamurian;Transamourienne;Transamurisch;Transamursk.;de Transamur;del Transamur;Transamurian;Transamurian;Transamurian;Transamurisch;de Transamur;Òğàíñàìóğñê.;Transamurian;
TAM_proletarian_dictatorship;Wai Dongbei;Wai Dongbei;Wai Dongbei;Wai Dongbei;Wai Dongbei;Wai Dongbei;Wai Dongbei;Wai Dongbei;Wai Dongbei;Wai Dongbei;Wai Dongbei;Âàé Äóíáıé;Wai Dongbei;
TAM_proletarian_dictatorship_ADJ;Wai Dongbei;du Wai Dongbei;Wai Dongbei-;Wai-Dongbeisk.;de Wai Dongbei;del Wai Dongbei;Wai Dongbei;Wai Dongbei;Wai Dongbei;Wai Dongbei;de Wai Dongbei;Âàÿ-Äóíáıÿ;Wai Dongbei;
TAJ_proletarian_dictatorship;SSR Tajikistan;RSS Tadjikistan;SSR Tadschikistan;Tad¿ykistan SSR;SSR Tayikistán;RSS Tagica;SSR Tádzsikisztán;SSR Tádikistán;SSR Tádzsikisztán;SSR Tadzjikistan;SSR Tadjiquistão;ÑÑĞ Òàäæèêèñòàí;SSR Tajikistan;
TBK;Tumbuka;Tumbukas;Tumbuka;Tumbuka;Tumbuka;Tumbuka;tumbuka;tumbukština;tumbuka;Tumbuka;Tumbuka;Òóìáóêà;tumbuka;
TBK_ADJ;Tumbukan;Tumbuka;Tumbuka-;Tumbuka;Tumbukana;di Tumbuka;Tumbukan;Tumbukan;Tumbukan;Tumbukan;Tumbukan;Òóìáóêñê.;Tumbukan;
TBZ;Trebizond;Trébizonde;Trabzon;Trapezunt;Trebisonda;Trebisonda;Trebizond;Trebizond;Trebizond;Trebizond;Trebizonda;Òğàïåçóíä;Trebizond;
TBZ_ADJ;Trebizondian;Trébizondais;Trabzon-;Trapezuntu;Trebisondana;di Trebisonda;Trebizondian;Trebizondian;Trebizondian;Trebizondian;Trebizondian;Òğàïåçóíäñê.;Trebizondian;
TEU;The Teutonic Order;L'Ordre Teutonique;Der Deutsche Orden;Krzy¿acy;La Orden Teutónica;L'Ordine Teutonico;A Német Lovagrend;germánská objednávka;A Német Lovagrend;de Duitse Orde;A Ordem Teutônica;Òåâòîíñêèé Îğäåí;Saksalaisen ritarikunnan;
TEU_ADJ;Teutonic;Teutonique;Deutsch;Krzy¿aków;Teutónica;Teutonica;teuton;teutonskı;teuton;Germaans;Teutônico;Òåâòîíñê.;saksalainen;
TEU_democracy;Teutonia;Teutonie;Teutonenland;Teutonia;Teutonia;Teutonia;Teutonia;Teutonia;Teutonia;Teutonia;Teutônia;Òåóòîíèà;Teutonia;
TEU_proletarian_dictatorship;The Teutonic Proletariate;Le Prolétariat Teutonique;Das Deutsche Proletariat;Krzy¿acy Proletariate;El Proletariado Teutónico;Il Proletariato Teutonico;A teuton proletariátus;germánskı Proletariate;A teuton proletariátus;de Duitse proletariaat;O Proletariado Teutônico;Òåâòîíñêèé Ïğîëåòàğèàò;Saksalaisen Proletariate;
TIM;Timurid;Timourides;Timuridenreich;Timurydzi;Timúridas;Timuridi;Timurid;Timurid;Timurid;Timurid;Os Timúridas;Òèìóğèäû;Timurid;
TIM_ADJ;Timurid;Timouride;Timuriden-;Timurydów;Timúrida;Timuride;Timurid;Timurid;Timurid;Timurid;Timurid;Òèìóğèäñê.;Timurid;
TIR;Tirol;Tyrol;Tirol;Tyrol;Tirol;Tirolo;Tirol;Tirol;Tirol;Tirol;Tirol;Òèğîëü;Tirol;
TIR_ADJ;Tyrolean;Tyrolien;Tirolisch;Tyrolu;Tirolesa;Tirolese;tiroli;tyrolské;tiroli;Tiroler;Tirolesa;Òèğîëüñê.;Tirolin;
TKD;Takeda;Takeda;Takeda;Takeda;Takeda;Takeda;Takeda;Takeda;Takeda;Takeda;Takeda;Òàêıäà;Takeda;
TKD_ADJ;Takeda;de Takeda;Takeda-;Takedy;Takeda;di Takeda;Takeda;Takeda;Takeda;Takeda;Takeda;Òàêıäñê.;Takeda;
TOK;Tonkin;Tonkin;Tonkin;Tonkin;Tonkín;Tonchino;Tonkin;Tonkin;Tonkin;Tonkin;Tonquim;Òîíêèí;Tonkin;
TOK_ADJ;Tonkin;Tonkinois;Tonkin-;Tonkinu;Tonkinesa;Tonchinese;Tonkin;Tonkin;Tonkin;Tonkin;Tonkin;Òîíêèíñê.;Tonkin;
TRL;Trapalandia;Trapalandien;Trapaland;Trapalandia;Trapalandia;Trapalandia;Trapalandia;Trapalandia;Trapalandia;Trapalandia;Trapalandia;Òğàïàëàíäèà;Trapalandia;
TRL_ADJ;Trapalandian;Trapalandien;Trapalandisch;Trapalandian;Trapalandian;Trapalandina;Trapalandian;Trapalandian;Trapalandian;Trapalandian;Trapalandian;Òğàïàëàíäèàí;Trapalandian;
TRL_communist;Equus Party;Parti de l'Équus;Equus-Partei;Equus Party;Partido equus;Partito Equus;Equus fél;Equus Party;Equus fél;Equus Party;Partido Equus;Åêâóóñ Ïàğòû;Equus Party;
TRL_fascist;Gliterhoof's Army;Armée de Glitterhoof;Glitterhoof-Armee;Armia Gliterhoof za;Ejército de Gliterhoof;Esercito di Glitterhoof;Gliterhoof hadsereg;Gliterhoof armáda;Gliterhoof hadsereg;Gliterhoof's Army;Exército de Gliterhoof;Àğìèÿ Ãëèöåğîôà;Gliterhoof armeija;
TRL_reactionary;Caligula's Supporters;Supporteurs de Caligula;Caligula-Unterstützer;Zwolennicy Kaliguli;Fanáticos de Caligula;Sostenitori di Caligola;Caligula Támogatók;Caligula Podporovatelé;Caligula Támogatók;Supporters Caligula's;Apoiantes de Caligula;Ñòîğîííèêè Êàëèãóëû;Caligula kannattajat;
TST;South Tirol;Tyrol du Sud;Südtirol;Po³udniowy Tyrol;Tirol del Sur;Alto Adige;Dél-Tirol;Jiní Tyrolsko;Dél-Tirol;Zuid-Tirol;Tirol do Sul;Şæíûé Òèğîëü;Etelä-Tiroli;
TST_ADJ;South Tyrolean;Sud-Tyrolien;Südtirolisch;Po³udniowy Tyrol;Tirol del sur;Altoatesina;Dél-Tirol;Jiní Tyrolsko;Dél-Tirol;Zuid-Tiroler;Tirol do Sul;Şæíîòèğîëüñê.;Etelä-Tiroli;
TTE;Ternate;Ternates;Ternate;Ternate;Ternate;Ternate;Ternate;Ternate;Ternate;Ternate;Ternate;Òåğíàòå;Ternate;
TTE_ADJ;Ternate;Ternate;Ternate-;Ternate;Ternate;di Ternate;Ternate;Ternate;Ternate;Ternate;Ternate;Òåğíàòå;Ternate;
TUL;Toulouse;Toulouse;Tholosen;Tuluza;Toulouse;Tolosa;Toulouse;Toulouse;Toulouse;Toulouse;Tolosa;Òóëóçà;Toulouse;
TVE;Tver;Tver;Twer;Twer;Tver;Tver';Tver;Tver;Tver;Tver;Tver;Òâåğü;Tver;
TVE_ADJ;Tverian;de Tver;Twer-;Tweru;Tveriana;di Tver';Tverian;Tverian;Tverian;Tverian;Tverian;Òâåğñê.;Tverian;
TYR;Tyrone;Tyrone;Tyrone;Tyrone;Tyrone;Tyrone;Tyrone;Tyrone;Tyrone;Tyrone;Tyrone;Òèğîí;Tyrone;
TYR_ADJ;Tyrone;de Tyrone;Tyrone-;Tyrone;Tyronesa;di Tyrone;Tyrone;Tyrone;Tyrone;Tyrone;Tyrone;Òèğîíñê.;Tyrone;
UES;Uesugi;Uesugi;Uesugi;Uesugi;Uesugi;Uesugi;Uesugi;Uesugi;Uesugi;Uesugi;Uesugi;Óıñóãè;Uesugi;
UES_ADJ;Uesugi;d'Uesugi;Uesugi-;Uesugi;Uesugi;di Uesugi;Uesugi;Uesugi;Uesugi;Uesugi;Uesugi;Óıñóãèéñê.;Uesugi;
UGR;Yugra;Ougra;Jugra;Yugra;Yugra;Jugra;Yugra;Jugra;Yugra;Yugra;Yugra;Şãğà;Yugra;
UGR_ADJ;Ugrian;Ougrien;Ugrisch;Ugrian;Ugriano;Ugra;ugor;Ugrijskı;ugor;Oegrische;Ugrian;óãîğñê.;ugrilaisten;
ULS;Ulster;Ulster;Ulster;Ulster;Úlster;Ulster;Ulster;Ulster;Ulster;Ulster;Ulster;Îëüñòåğ;Ulster;
ULS_ADJ;Ulstrian;d'Ulster;Ulstrisch;Ulsteru;de Úlster;Ulstriana;Ulstrian;Ulstrian;Ulstrian;Ulstrian;Ulstrian;Îëüñòåğñê.;Ulstrian;
UND;the Undead Horde;La Horde des Morts-Vivants;Die Horde der Untoten;Horda Nieumar³ych;la Horda de los no-muertos;L'Orda dei Non Morti;az élohalottak horda;Horda nemrtvıch;az élohalottak horda;de Horde van de Ondoden;a Horda dos mortos-vivos;Íåæèòü-Îğäà;Horde of the Undead;
UND_ADJ;Undead;Mort-Vivant;Untot;Undead;Muerto viviente;Non-Morta;Undead;Undead;Undead;undead;mortos-vivos;Íåæèòü;Undead;
UND_radical;Mammon's Faction;Faction de Mammon;Fraktion von Mammon;Mammon Faction;Facción de Mammon;Fazione di Mammona;Mammon Faction;Mamonova frakce;Mammon Faction;Mammon Faction;Faculdade de Mammon;Ôğàêöèÿ Ìàììîíà;Mammon Faction;
UND_communist;Belphegor's Faction;Faction de Belphégor;Fraktion von Belphegor;Frakcja Belphegora;Facción de Belphegor;Fazione di Belfagor;Belphegor frakciója;Belphegorova frakce;Belphegor frakciója;Belphegor's Faction;Faction de Belphegor;Ôğàêöèÿ Áåëôåãîğà;Belphegorin fraktio;
UND_conservative;Abbadon's Faction;Faction d'Abaddon;Fraktion von Abaddon;Frakcja Abbadona;La facción de Abbadon;Fazione di Abaddon;Abbadon frakciója;Abbadonova frakce;Abbadon frakciója;Abbadon's Faction;Faculdade de Abbadon;Ôğàêöèÿ Àááàäîíà;Abbadonin fraktio;
UND_fascist;Satan's Faction;Faction de Satan;Fraktion von Satan;Frakcja Szatana;Facción de Satanás;Fazione di Satana;Sátán frakciója;Fráze Satana;Sátán frakciója;Faction of Satan;Fação de Satanás;Ôğàêöèÿ Ñàòàíû;Saatanan fraktio;
UND_liberal;Beelzebub's Faction;Faction de Belzébuth;Fraktion von Beelzebub;Frakcja Beelzebuba;Facción de Beelzebub;Fazione di Belzebù;Beelzebub frakciója;Fráze Beelzebuba;Beelzebub frakciója;Faction of Beëlzebub;Faction of Beelzebub;Ôğàêöèÿ Âåëüçåâóëà;Beelzebubin fraktio;
UND_reactionary;Lucifer's Faction;Faction de Lucifer;Fraktion von Luzifer;Frakcja Lucyfera;Facción de Lucifer;Fazione di Lucifero;Lucifer frakciója;Frakce Lucifera;Lucifer frakciója;Faction of Lucifer;Faction of Lucifer;Ôğàêöèÿ Ëşöèôåğà;Luciferin fraktio;
UND_socialist;Asmodeus' Faction;Faction d'Asmodée;Fraktion von Asmodeus;Frakcja Asmodeusa;Facción de Asmodeus;Fazione di Asmodeo;Asmodeus frakciója;Frakce Asmodeus;Asmodeus frakciója;Faction van Asmodeus;Faction of Asmodeus;Ôğàêöèÿ Àñìîäåóñà;Asmodeuksen fraktio;
URB;Urbino;Urbin;Urbino;Urbino;Urbino;Urbino;Urbino;Urbino;Urbino;Urbino;Urbino;Óğáèíî;Urbino;
URB_ADJ;Urbinian;Urbinate;Urbinisch;Urbino;Urbina;Urbinate;Urbinian;Urbinian;Urbinian;Urbinian;Urbano;Óğáèíñê.;Urbinian;
VAT_parliamentary_republic;The Commonwealth of Rome;La Communauté de Rome;Das Gemeintum von Rom;Commonwealth of Rome;La Mancomunidad de Roma;Il Commonwealth di Roma;A Római Nemzetközösség;Øímské Spoleèenství;A Római Nemzetközösség;Het Gemenebest van Rome;A Comunidade de Roma;Ñîäğóæåñòâî Ğèìà;Rooman yhteisö;
VAT_parliamentary_republic_ADJ;Roman;Romain;Römisch;Rzymski;Romano;Romana;Római;Øímskı;Római;Romeins;Romano;Ğèìñê.;Roomalainen;
VAT_fascist_dictatorship;The Kingdom of God;Le Royaume de Dieu;Das Königreich Gottes;Królestwo Bo¿e;El Reino de Dios;Il Regno di Dio;Isten Országa;Boí království;Isten Országa;Het koninkrijk van God;O Reino de Deus;Öàğñòâî Áîæüå;Jumalan valtakunta;
VAT_fascist_dictatorship_ADJ;Divine;Divin;Göttlich;Boski;Divino;Divina;Isteni;Boskı;Isteni;Goddelijk;Divino;Áîæåñòâåíí.;Jumalallinen;
VAT_proletariat_dictatorship;The People's Republic of Rome;La République Populaire de Rome;Die Volksrepublik Rom;Ludowa Republika Rzymu;La República Popular de Roma;La Repubblica Popolare di Roma;A Római Népköztársaság;Øímská Lidová Republika;A Római Népköztársaság;De Volksrepubliek Rome;A República Popular de Roma;Ğèìñêàÿ Íàğîäíàÿ Ğåñïóáëèêà;Rooman kansantasavalta;
VAT_proletariat_dictatorship_ADJ;Roman;Romain;Römisch;Rzymski;Romano;Romana;Római;Øímskı;Római;Romeins;Romano;Ğèìñê.;Roomalainen;
VGO;Visigothia;Visigothie;Westgoten;Visigothia;Visigothia;Visigozia;Visigothia;Visigothia;Visigothia;Visigothia;Visigothia;Âåñòãîôèÿ;Visigothia;
VGO_ADJ;Visigothic;Visigothique;Westgotisch;Visigothic;Visigodo;Visigota;vizigót;Visigothic;vizigót;Visigothic;Visigodo;Âåñòãîòñê.;Visigothic;
VIJ;Vijayanagar;Vijayanâgara;Vijayanagar;WidŸajanagar;Vijayanagar;Vijayanagar;Vijayanagar;Vijayanagar;Vijayanagar;Vijayanagar;Bisnaga;Âèäæàÿíàãàğ;Vijayanagar;
VIJ_ADJ;Vijayanagara;de Vijayanâgara;Vijayanagar-;WidŸajanagaru;Vijaynesa;del Vijayanagar;Vijayanagara;Vijayanagara;Vijayanagara;Vijayanagara;Vijayanagara;Âèäæàÿíàãàğñê.;Vijayanagaran;
VND;Venad;Vénad;Wenad;Venad;Venad;Venad;Venad;Venad;Venad;Venad;Venad;Âåíàä;Venad;
VND_ADJ;Venad;Vénadois;Wenad-;Venadu;Venadi;del Venad;Venad;Venad;Venad;Venad;Venad;Âåíàäñê.;Venad;
WCR;Cree;Cris;Cree;Kri;Cree;Cree;Cree;Cree;Cree;Cree;Cree;Öàíã;Cree;
WCR_ADJ;Cree;Cri;Cree-;Kri;Cree;dei Cree;Cree;Cree;Cree;Cree;Cree;Öàíãñê.;Cree;
WEN;Wenedia;Vénédie;Wenedien;Wenedia;Venédia;Venedia;Wenedia;Wenedie;Wenedia;Wenedië;Wenedia;Âåíåäèÿ;Venedia;
WEN_ADJ;Venedic;Vénédais;Wenedisch;Wenedyk;Venédico;Venedica;Wenedyk;Wenedyk;Wenedyk;Wenedisch;Venédico;Âåíåäèêñê.;Venedialainen;
WLY;Welayta;Welaytas;Wolaytta;Welayta;Welayta;Welayta;Welayta;Welayta;Welayta;Welayta;Wolaita;Âîëàéòà;Welayta;
WLY_ADJ;Welaytan;Welayta;Wolaytta-;Welayty;de Welayta;di Welayta;Welaytan;Welaytan;Welaytan;Welaytan;Welaytan;Âîëàéòñê.;Welaytan;
WRS_presidential_dictatorship;Somaliland;Somaliland;Somaliland;Somaliland;Somaliland;Somaliland;Somaliland;Somaliland;Somaliland;Somaliland;Somaliland;Ñîìàëèëÿíä;Somaliland;
WRS_presidential_dictatorship_ADJ;Somaliland;Somalilandais;Somalilandisch;Somaliland;Somaliland;del Somaliland;Somaliland;Somaliland;Somaliland;Somaliland;Somaliland;Ñîìàëèëÿíä;Somaliland;
WSF;Zapadoslavia;Zapadoslavie;Sapadoslawien;Zapados³awia;Zapadoslavia;Zapadoslavia;Zapadoslavia;Zapadoslavie;Zapadoslavia;Zapadoslavia;Zapadoslavia;Çàïàäíîñëàâèÿ;Zapadoslavia;
WSF_ADJ;West Slavic;Slave Occidental;Westslawisch;Zachodnios³owiañski;Eslavo occidental;Slava Occidentale;Nyugat-szláv;Západoslovanskı;Nyugat-szláv;West Slavic;Eslavo ocidental;Çàïàäíîñëàâÿíñê.;West Slavic;
WSH;Western Sahara;Sahara Occidental;Westsahara;Sahara Zachodnia;Sahara Occidental;Sahara Occidentale;nyugat-Szahara;západní Sahara;nyugat-Szahara;Westelijke Sahara;Saara Ocidental;Çàïàäíàÿ Ñàõàğà;Länsi-Sahara;
WSH_ADJ;Western Saharan;Sahraoui;Westsaharisch;Sahara Zachodnia;Sahara Occidental;Sahariana Occidentale;Nyugat-szaharai;Západní saharskı;Nyugat-szaharai;Westelijke Sahara;Saara Ocidental;Çàïàäíàÿ Ñàõàğà;Länsi-Saharan;
WUU;The Wu Dynasty;Dynastie Wu;Die Wu-Dynastie;Wu Dynasty;La dinastía Wu;Dinastia Wu;A Wu-dinasztia;Wu Dynasty;A Wu-dinasztia;de Wu-dynastie;A Dinastia Wu;Äèíàñòèÿ Âó;Wu Dynasty;
WUU_ADJ;Wu;Wu;Wu-;Wu;Wu;degli Wu;Wu;Wu;Wu;Wu;Wu;Âó;Wu;
WUU_democracy;The Republic of Wu;La République des Wus;Die Wu-Republik;Republika Wu;La república de Wu;Repubblica degli Wu;Köztársaság Wu;Republiky Wu;Köztársaság Wu;de Republiek Wu;A república de Wu;Ğåñïóáëèêà Âó;tasavallan Wu;
WUU_fascist_dictatorship;The Wu Republic;La République des Wus;Die Wu-Republik;Republika Wu;La república de Wu;Repubblica degli Wu;A Wu Köztársaság;Wu republika;A Wu Köztársaság;de Wu Republiek;A república de Wu;Ğåñïóáëèêà Âó;Wu tasavalta;
WUU_proletarian_dictatorship;The People's Republic of Wu;La République Populaire des Wus;Die Wu-Volksrepublik;Chiñska Republika Ludowa Wu;La República Popular de Wu;Repubblica Popolare degli Wu;A Népköztársaság Wu;Wu lidové republiky;A Népköztársaság Wu;de People's Republic of Wu;A República Popular da China;Íàğîäíàÿ Ğåñïóáëèêà Âó;kansantasavallan Wu;
XIA;The Xia Dynasty;Dynastie Xia;Die Xia-Dynastie;Dynastia Xia;La dinastía Xia;Dinastia Xia;Xia-dinasztia;Xia dynastie;Xia-dinasztia;de Xia-dynastie;A Dinastia Xia;Äèíàñòèÿ Ñÿ;Xia-dynastian;
XIA_ADJ;Xia;Xia;Xia-;Xia;Xia;degli Xia;Xia;Xia;Xia;Xia;Xia;Õèà;xia;
XIA_democracy;The Republic of Xia;La République des Xias;Die Xia-Republik;Republika Xia;La República de Xia;Repubblica degli Xia;Köztársaság Xia;Republiky Xia;Köztársaság Xia;de Republiek Xia;A República de Xia;Ğåñïóáëèêà Ñÿ;tasavallan Xia;
XIA_fascist_dictatorship;The Xia Republic;La République des Xias;Die Xia-Republik;Republika Xia;La república de xia;Repubblica degli Xia;Xia Köztársaság;Xia republika;Xia Köztársaság;de Xia Republiek;A república de Xia;Ğåñïóáëèêà Ñÿ;Xia tasavalta;
XIA_proletarian_dictatorship;The People's Republic of Xia;La République Populaire des Xias;Die Xia-Volksrepublik;Republika Ludowo-Xia;La República Popular de Xia;Repubblica Popolare degli Xia;A Népköztársaság Xia;Xia lidové republiky;A Népköztársaság Xia;de People's Republic of Xia;República Popular da Xia;Íàğîäíàÿ Ğåñïóáëèêà Ñÿ;kansantasavallan Xia;
XLI;Xliponia;Chliponie;Schliponien;Szliponia;Esliponia;Sliponia;Slipónia;Šliponie;Slipónia;Xliponië;Xliponia;Øëèïîíèÿ;Ksliponia;
XLI_ADJ;Xliponian;Chliponien;Schliponisch;Szliponijczyk;Esliponio;Sliponiana;Slipón;Šliponská;Slipón;Xliponisch;Xliponiano;Øëèïîíñê.;Ksliponialainen;
YAR;Yaroslavl;Iaroslavl;Jaroslawl;Jaros³aw;Yaroslavl;Jaroslavl';Jaroszlavl;Jaroslavl;Jaroszlavl;Yaroslavl;Iaroslavl;ßğîñëàâëü;Yaroslavl;
YAR_ADJ;Yaroslavlian;d'Iaroslavl;Jaroslawlisch;Jaros³awia;Yaroslava;di Jaroslavl';Yaroslavlian;Yaroslavlian;Yaroslavlian;Yaroslavlian;Yaroslavlian;ßğîñëàâñê.;Yaroslavlian;
YKA;Yaka;Yakas;Yaka;Yaka;Yaka;Yaka;Yaka;Yaka;Yaka;Yaka;Yaka;ßêà;Yaka;
YKA_ADJ;Yakan;Yaka;Yaka-;Yake;de Yaka;di Yaka;Yakan;Yakan;Yakan;Yakan;Yakan;ßêàíñê.;Yakan;
YMN;Yamana;Yamana;Yamana;Yamana;Yamana;Yamana;Yamana;Yamana;Yamana;Yamana;Yamana;ßìàíà;Yamana;
YMN_ADJ;Yamana;de Yamana;Yamana-;Yamany;Yamana;di Yamana;Yamana;Yamana;Yamana;Yamana;Yamana;ßìàíñê.;Yamana;
YOR;York;York;York;York;York;York;York;York;York;York;Iorque;Åğê;York;
YOR_ADJ;Yorker;Yorkais;Yorkisch;Yorker;Yorker;Yorchese;Yorker;Yorker;Yorker;Yorker;Yorker;Åğêåğ;Yorker;
YRK;The Yarkand Khanate;Le Khanat de Yarkand;Yarkant-Khanat;Yarkand Chanat;El Khanato de Yarkand;Khanato di Yarkand;A Yarkand Khanate;Yarkand Khanate;A Yarkand Khanate;de Yarkand Khanate;O Khanato de Iarcanda;ßğêàíäñêîå Õàíñòâî;Yarkand Khanate;
YRK_ADJ;Yarkand;de Yarkand;Yarkant-;Jarkendu;Yarkand;di Yarkand;Yarkand;Yarkand;Yarkand;Yarkand;Yarkand;ßğêåíäñê.;Yarkand;
YRK_democracy;The Yarkand Republic;La République de Yarkand;Yarkant-Republik;Republika Yarkand;La república de Yarkand;Repubblica di Yarkand;A Yarkand Köztársaság;Yarkand republika;A Yarkand Köztársaság;de Yarkand Republiek;A República de Yarkand;Ğåñïóáëèêà ßğêåíä;Yarkand tasavalta;
YRK_proletarian_dictatorship;The Yarkand Proletariate;Le Prolétariat de Yarkand;Yarkant-Proletariat;Yarkand Proletariate;El proletariado de Yarkand;Proletariato di Yarkand;A Yarkand proletariátus;Yarkand Proletariate;A Yarkand proletariátus;de Yarkand proletariaat;O Proletariado de Yarkand;Ïğîìåíàä ßğêåíäà;Yarkand Proletariate;
YUA;The Yuan Empire;L'Empire Yuan;Das Yuan-Kaiserreich;Imperium Yuan;El Imperio Yuan;L'Impero Yuan;A Yuan birodalom;Yuan Ríše;A Yuan birodalom;de Yuan-Rijk;O Império Yuan;Èìïåğèÿ Şàíü;Yuan Empire;
YUA_ADJ;Yuan;Yuan;Yuan-;Yuan;Yuanesa;di Yuan;Yuan;Yuan;Yuan;Yuan;Yuan;Şàíüñê.;Yuan;
YUA_democracy;The Republic of Sino-Mongolia;La République de Sino-Mongolie;Die Republik Sino-Mongolei;Chinsko-Mongolia Republiki Ludowej;La República de China-Mongolia;Repubblica di Sino-Mingolia;A Kínai-Mongólia Köztársaság;Sino-Mongolsko republika;A Kínai-Mongólia Köztársaság;de Republiek Sino-Mongolië;A República da Sino-Mongólia;Ğåñïóáëèêà Êèòàéñêî-Ìîíãîëèÿ;Sino-Mongolia tasavallan;
YUA_democracy_ADJ;Sino-Mongolian;Sino-Mongol;Sino-Mongolisch;chinsko-mongolskie;Chino-Mongol;Sinomongola;kínai-mongol;sino-mongolskı;kínai-mongol;Chinees-Mongools;sino-mongol;Êèòàéñêî-Ìîíãîëüñêîé;kiinalais-mongolaista;
YUA_fascist_dictatorship;The Khanbaliq Republic;La République de Cambaluc;Die Cambaluc-Republik;Republika Khanbaliq;La república de Janbalic;Repubblica di Cambaluc;a Khanbaliq Köztársaság;Khanbaliq republika;a Khanbaliq Köztársaság;de Cambaluc Republiek;A república de Cambalique;Ğåñïóáëèêà Õàíáàëèê;Khanbaliq tasavalta;
YUA_fascist_dictatorship_ADJ;Khanbaliq;de Cambaluc;Cambaluc-;Khanbaliq;Janbalic;Cambaluc;Khanbaliq;Khanbaliq;Khanbaliq;Cambaluc;Cambalique;Õàíáàëûê;Khambaliq;
YUA_proletarian_dictatorship;The People's Republic of Sino-Mongolia;La République Populaire de Sino-Mongolie;Die Volksrepublik Sino-Mongolei;Chinsko-Mongolia Republika Ludowa;La República Popular de China-Mongolia;Repubblica Popolare Sino-Mongola;Népköztársaság Kínai-Mongólia;Sino-Mongolsko lidová republika;Népköztársaság Kínai-Mongólia;de Volksrepubliek Sino-Mongolië;as pessoasda Republica da Sino-Mongólia;Íàğîäíàÿ Ğåñïóáëèêà Êèòàéñêî-Ìîíãîëèÿ;People Sino-Mongolia;
YUA_proletarian_dictatorship_ADJ;Sino-Mongolian;Sino-Mongol;Sino-Mongolisch;chinsko-mongolskie;Chino-Mongol;Sinomongola;kínai-mongol;sino-mongolskı;kínai-mongol;Chinees-Mongools;sino-mongol;Êèòàéñêî-Ìîíãîëüñêîé;kiinalais-mongolaista;
ZAP;Zapotec;Zapotèques;Die Zapoteken;Zapotekowie;Los Zapotecas;Zapotechi;Zapotec;Zapotec;Zapotec;Zapotec;Os Zapotecas;Ñàïîòåêè;sapoteekki;
ZAP_ADJ;Zapotec;Zapotèque;Zapotekisch;Zapoteków;Zapoteca;Zapoteca;Zapotec;Zapotec;Zapotec;Zapotec;Zapoteco;Ñàïîòåêñê.;sapoteekki;
ZAZ;Zaporozhie;Zaporijjia;Saporoschje;Zaporo¿e;Zaporozhie;Zaporo'e;Zaporozhie;Zaporozhie;Zaporozhie;Zaporozhie;Zaporozhia;Çàïîğîæñêàÿ Ñå÷ü;Zaporozhie;
ZAZ_ADJ;Zaporozhian;de Zaporijjia;Saporoschje-;Zaporo¿a;Zaporozhiesa;di Zaporo'e;Zaporozhian;Zaporozhian;Zaporozhian;Zaporozhian;Zaporozhian;Çàïîğîæñê.;Zaporozhian;
ZIM;Mutapa;Mutapa;Mutapa;Monomotapa;Mutapa;Mutapa;Mutapa;Mutapa;Mutapa;Mutapa;Monomotapa;Ìîíîìîòàïà;Mutapa;
ZIM_ADJ;Mutapan;de Mutapa;Mutapa-;Monomotapy;Mutapa;di Mutapa;Mutapan;Mutapan;Mutapan;Mutapan;Mutapan;Ìîíîìîòàïñê.;Mutapan;
ABE_radical;Radical Party;Parti Radical;Radikale Partei;Partia Radykalna;Partido Radical;Partito Radicale;Radik0lis P0rt;Radik0ln0 Strana;Radik0lis P0rt;Radicale Partij;Partido Radical;;Radikaalipuolue;
ABE_communist;Communist Party;Parti Communiste;Kommunistische Partei;Partia Komunistyczna;Partido Comunista;Partito Comunista;Kommunista P0rt;Komunistick0 Strana;Kommunista P0rt;Communistische Partij;Partido Comunista;;Kommunistinenpuolue;
ABE_conservative;Conservative Party;Parti Conservateur;Konservative Partei;Partia Konserwatywna;Partido Conservador;Partito Conservatore;Konzervat0v P0rt;Konzervativn0 Strana;Konzervat0v P0rt;Conservatieve Partij;Partido Conservador;;Konservatiivipuolue;
ABE_fascist;Fascist Party;Parti Fasciste;Faschistische Partei;Partia Faszystowska;Partido Fascista;Partito Fascista;Fasiszta P0rt;Fa0istick0 Strana;Fasiszta P0rt;Fascistische Partij;Partido Fascista;;Fasistinenpuolue;
ABE_liberal;Liberal Party;Parti Lib0ral;Liberale Partei;Partia Liberalna;Partido Liberal;Partito Liberale;Liber0lis P0rt;Liber0ln0 Strana;Liber0lis P0rt;Liberale Partij;Partido Liberal;;Liberaalipuolue;
ABE_reactionary;National Party;Parti National;Nationale Partei;Partia Narodowa;Partido Nacional;Partito Nazionale;Nemzeti P0rt;N0rodn0 Strana;Nemzeti P0rt;Nationale Partij;Partido Nacional;;Kansallispuolue;
ABE_socialist;Socialist Party;Parti Socialiste;Sozialistische Partei;Partia Socjalistyczna;Partido Socialista;Partito Socialista;Szocialista P0rt;Socialistick0 Strana;Szocialista P0rt;Socialistische Partij;Partido Socialista;;Sosialistinenpuolue;
ADE;Aden;Aden;Aden;Aden;Adén;Aden;Aden;Aden;Aden;Aden;Aden;Aden;Aden;
ADE_ADJ;Adeni;adenaise;Adenisch;Adeni;adení;Adeni;Adeni;Adeni;Adeni;Adeni;Adeni;Adeni;Adeni;
ADE_radical;Radical Party;Parti Radical;Radikale Partei;Partia Radykalna;Partido Radical;Partito Radicale;Radik0lis P0rt;Radik0ln0 Strana;Radik0lis P0rt;Radicale Partij;Partido Radical;;Radikaalipuolue;
ADE_communist;Communist Party;Parti Communiste;Kommunistische Partei;Partia Komunistyczna;Partido Comunista;Partito Comunista;Kommunista P0rt;Komunistick0 Strana;Kommunista P0rt;Communistische Partij;Partido Comunista;;Kommunistinenpuolue;
ADE_conservative;Conservative Party;Parti Conservateur;Konservative Partei;Partia Konserwatywna;Partido Conservador;Partito Conservatore;Konzervat0v P0rt;Konzervativn0 Strana;Konzervat0v P0rt;Conservatieve Partij;Partido Conservador;;Konservatiivipuolue;
ADE_fascist;Fascist Party;Parti Fasciste;Faschistische Partei;Partia Faszystowska;Partido Fascista;Partito Fascista;Fasiszta P0rt;Fa0istick0 Strana;Fasiszta P0rt;Fascistische Partij;Partido Fascista;;Fasistinenpuolue;
ADE_liberal;Liberal Party;Parti Lib0ral;Liberale Partei;Partia Liberalna;Partido Liberal;Partito Liberale;Liber0lis P0rt;Liber0ln0 Strana;Liber0lis P0rt;Liberale Partij;Partido Liberal;;Liberaalipuolue;
ADE_reactionary;National Party;Parti National;Nationale Partei;Partia Narodowa;Partido Nacional;Partito Nazionale;Nemzeti P0rt;N0rodn0 Strana;Nemzeti P0rt;Nationale Partij;Partido Nacional;;Kansallispuolue;
ADE_socialist;Socialist Party;Parti Socialiste;Sozialistische Partei;Partia Socjalistyczna;Partido Socialista;Partito Socialista;Szocialista P0rt;Socialistick0 Strana;Szocialista P0rt;Socialistische Partij;Partido Socialista;;Sosialistinenpuolue;
AJU_radical;Radical Party;Parti Radical;Radikale Partei;Partia Radykalna;Partido Radical;Partito Radicale;Radik0lis P0rt;Radik0ln0 Strana;Radik0lis P0rt;Radicale Partij;Partido Radical;;Radikaalipuolue;
AJU_communist;Communist Party;Parti Communiste;Kommunistische Partei;Partia Komunistyczna;Partido Comunista;Partito Comunista;Kommunista P0rt;Komunistick0 Strana;Kommunista P0rt;Communistische Partij;Partido Comunista;;Kommunistinenpuolue;
AJU_conservative;Conservative Party;Parti Conservateur;Konservative Partei;Partia Konserwatywna;Partido Conservador;Partito Conservatore;Konzervat0v P0rt;Konzervativn0 Strana;Konzervat0v P0rt;Conservatieve Partij;Partido Conservador;;Konservatiivipuolue;
AJU_fascist;Fascist Party;Parti Fasciste;Faschistische Partei;Partia Faszystowska;Partido Fascista;Partito Fascista;Fasiszta P0rt;Fa0istick0 Strana;Fasiszta P0rt;Fascistische Partij;Partido Fascista;;Fasistinenpuolue;
AJU_liberal;Liberal Party;Parti Lib0ral;Liberale Partei;Partia Liberalna;Partido Liberal;Partito Liberale;Liber0lis P0rt;Liber0ln0 Strana;Liber0lis P0rt;Liberale Partij;Partido Liberal;;Liberaalipuolue;
AJU_reactionary;National Party;Parti National;Nationale Partei;Partia Narodowa;Partido Nacional;Partito Nazionale;Nemzeti P0rt;N0rodn0 Strana;Nemzeti P0rt;Nationale Partij;Partido Nacional;;Kansallispuolue;
AJU_socialist;Socialist Party;Parti Socialiste;Sozialistische Partei;Partia Socjalistyczna;Partido Socialista;Partito Socialista;Szocialista P0rt;Socialistick0 Strana;Szocialista P0rt;Socialistische Partij;Partido Socialista;;Sosialistinenpuolue;
ALO_radical;Radical Party;Parti Radical;Radikale Partei;Partia Radykalna;Partido Radical;Partito Radicale;Radik0lis P0rt;Radik0ln0 Strana;Radik0lis P0rt;Radicale Partij;Partido Radical;;Radikaalipuolue;
ALO_communist;Communist Party;Parti Communiste;Kommunistische Partei;Partia Komunistyczna;Partido Comunista;Partito Comunista;Kommunista P0rt;Komunistick0 Strana;Kommunista P0rt;Communistische Partij;Partido Comunista;;Kommunistinenpuolue;
ALO_conservative;Conservative Party;Parti Conservateur;Konservative Partei;Partia Konserwatywna;Partido Conservador;Partito Conservatore;Konzervat0v P0rt;Konzervativn0 Strana;Konzervat0v P0rt;Conservatieve Partij;Partido Conservador;;Konservatiivipuolue;
ALO_fascist;Fascist Party;Parti Fasciste;Faschistische Partei;Partia Faszystowska;Partido Fascista;Partito Fascista;Fasiszta P0rt;Fa0istick0 Strana;Fasiszta P0rt;Fascistische Partij;Partido Fascista;;Fasistinenpuolue;
ALO_liberal;Liberal Party;Parti Lib0ral;Liberale Partei;Partia Liberalna;Partido Liberal;Partito Liberale;Liber0lis P0rt;Liber0ln0 Strana;Liber0lis P0rt;Liberale Partij;Partido Liberal;;Liberaalipuolue;
ALO_reactionary;National Party;Parti National;Nationale Partei;Partia Narodowa;Partido Nacional;Partito Nazionale;Nemzeti P0rt;N0rodn0 Strana;Nemzeti P0rt;Nationale Partij;Partido Nacional;;Kansallispuolue;
ALO_socialist;Socialist Party;Parti Socialiste;Sozialistische Partei;Partia Socjalistyczna;Partido Socialista;Partito Socialista;Szocialista P0rt;Socialistick0 Strana;Szocialista P0rt;Socialistische Partij;Partido Socialista;;Sosialistinenpuolue;
ANZ;Anizah;'Anizzah;Anizah;Anizah;Anizá;Anizah;Anizah;Anizah;Anizah;Anizah;Anizah;Anizah;Anizah;
ANZ_ADJ;Anizah;'anizzah;Anizahisch;Anizah;anizá;Anizah;Anizah;Anizah;Anizah;Anizah;Anizah;Anizah;Anizah;
ANZ_radical;Radical Party;Parti Radical;Radikale Partei;Partia Radykalna;Partido Radical;Partito Radicale;Radik0lis P0rt;Radik0ln0 Strana;Radik0lis P0rt;Radicale Partij;Partido Radical;;Radikaalipuolue;
ANZ_communist;Communist Party;Parti Communiste;Kommunistische Partei;Partia Komunistyczna;Partido Comunista;Partito Comunista;Kommunista P0rt;Komunistick0 Strana;Kommunista P0rt;Communistische Partij;Partido Comunista;;Kommunistinenpuolue;
ANZ_conservative;Conservative Party;Parti Conservateur;Konservative Partei;Partia Konserwatywna;Partido Conservador;Partito Conservatore;Konzervat0v P0rt;Konzervativn0 Strana;Konzervat0v P0rt;Conservatieve Partij;Partido Conservador;;Konservatiivipuolue;
ANZ_fascist;Fascist Party;Parti Fasciste;Faschistische Partei;Partia Faszystowska;Partido Fascista;Partito Fascista;Fasiszta P0rt;Fa0istick0 Strana;Fasiszta P0rt;Fascistische Partij;Partido Fascista;;Fasistinenpuolue;
ANZ_liberal;Liberal Party;Parti Lib0ral;Liberale Partei;Partia Liberalna;Partido Liberal;Partito Liberale;Liber0lis P0rt;Liber0ln0 Strana;Liber0lis P0rt;Liberale Partij;Partido Liberal;;Liberaalipuolue;
ANZ_reactionary;National Party;Parti National;Nationale Partei;Partia Narodowa;Partido Nacional;Partito Nazionale;Nemzeti P0rt;N0rodn0 Strana;Nemzeti P0rt;Nationale Partij;Partido Nacional;;Kansallispuolue;
ANZ_socialist;Socialist Party;Parti Socialiste;Sozialistische Partei;Partia Socjalistyczna;Partido Socialista;Partito Socialista;Szocialista P0rt;Socialistick0 Strana;Szocialista P0rt;Socialistische Partij;Partido Socialista;;Sosialistinenpuolue;
APA_radical;Radical Party;Parti Radical;Radikale Partei;Partia Radykalna;Partido Radical;Partito Radicale;Radik0lis P0rt;Radik0ln0 Strana;Radik0lis P0rt;Radicale Partij;Partido Radical;;Radikaalipuolue;
APA_communist;Communist Party;Parti Communiste;Kommunistische Partei;Partia Komunistyczna;Partido Comunista;Partito Comunista;Kommunista P0rt;Komunistick0 Strana;Kommunista P0rt;Communistische Partij;Partido Comunista;;Kommunistinenpuolue;
APA_conservative;Conservative Party;Parti Conservateur;Konservative Partei;Partia Konserwatywna;Partido Conservador;Partito Conservatore;Konzervat0v P0rt;Konzervativn0 Strana;Konzervat0v P0rt;Conservatieve Partij;Partido Conservador;;Konservatiivipuolue;
APA_fascist;Fascist Party;Parti Fasciste;Faschistische Partei;Partia Faszystowska;Partido Fascista;Partito Fascista;Fasiszta P0rt;Fa0istick0 Strana;Fasiszta P0rt;Fascistische Partij;Partido Fascista;;Fasistinenpuolue;
APA_liberal;Liberal Party;Parti Lib0ral;Liberale Partei;Partia Liberalna;Partido Liberal;Partito Liberale;Liber0lis P0rt;Liber0ln0 Strana;Liber0lis P0rt;Liberale Partij;Partido Liberal;;Liberaalipuolue;
APA_reactionary;National Party;Parti National;Nationale Partei;Partia Narodowa;Partido Nacional;Partito Nazionale;Nemzeti P0rt;N0rodn0 Strana;Nemzeti P0rt;Nationale Partij;Partido Nacional;;Kansallispuolue;
APA_socialist;Socialist Party;Parti Socialiste;Sozialistische Partei;Partia Socjalistyczna;Partido Socialista;Partito Socialista;Szocialista P0rt;Socialistick0 Strana;Szocialista P0rt;Socialistische Partij;Partido Socialista;;Sosialistinenpuolue;
ARD_radical;Radical Party;Parti Radical;Radikale Partei;Partia Radykalna;Partido Radical;Partito Radicale;Radik0lis P0rt;Radik0ln0 Strana;Radik0lis P0rt;Radicale Partij;Partido Radical;;Radikaalipuolue;
ARD_communist;Communist Party;Parti Communiste;Kommunistische Partei;Partia Komunistyczna;Partido Comunista;Partito Comunista;Kommunista P0rt;Komunistick0 Strana;Kommunista P0rt;Communistische Partij;Partido Comunista;;Kommunistinenpuolue;
ARD_conservative;Conservative Party;Parti Conservateur;Konservative Partei;Partia Konserwatywna;Partido Conservador;Partito Conservatore;Konzervat0v P0rt;Konzervativn0 Strana;Konzervat0v P0rt;Conservatieve Partij;Partido Conservador;;Konservatiivipuolue;
ARD_fascist;Fascist Party;Parti Fasciste;Faschistische Partei;Partia Faszystowska;Partido Fascista;Partito Fascista;Fasiszta P0rt;Fa0istick0 Strana;Fasiszta P0rt;Fascistische Partij;Partido Fascista;;Fasistinenpuolue;
ARD_liberal;Liberal Party;Parti Lib0ral;Liberale Partei;Partia Liberalna;Partido Liberal;Partito Liberale;Liber0lis P0rt;Liber0ln0 Strana;Liber0lis P0rt;Liberale Partij;Partido Liberal;;Liberaalipuolue;
ARD_reactionary;National Party;Parti National;Nationale Partei;Partia Narodowa;Partido Nacional;Partito Nazionale;Nemzeti P0rt;N0rodn0 Strana;Nemzeti P0rt;Nationale Partij;Partido Nacional;;Kansallispuolue;
ARD_socialist;Socialist Party;Parti Socialiste;Sozialistische Partei;Partia Socjalistyczna;Partido Socialista;Partito Socialista;Szocialista P0rt;Socialistick0 Strana;Szocialista P0rt;Socialistische Partij;Partido Socialista;;Sosialistinenpuolue;
ARL;Ardabil;Ardabil;Ardabil;Ardabil;Ardabil;Ardabil;Ardabil;Ardabil;Ardabil;Ardabil;Ardabil;Ardabil;Ardabil;
ARL_ADJ;Ardabili;ardabilienne;Ardabilisch;Ardabili;ardabilí;Ardabili;Ardabili;Ardabili;Ardabili;Ardabili;Ardabili;Ardabili;Ardabili;
ARL_radical;Radical Party;Parti Radical;Radikale Partei;Partia Radykalna;Partido Radical;Partito Radicale;Radik0lis P0rt;Radik0ln0 Strana;Radik0lis P0rt;Radicale Partij;Partido Radical;;Radikaalipuolue;
ARL_communist;Communist Party;Parti Communiste;Kommunistische Partei;Partia Komunistyczna;Partido Comunista;Partito Comunista;Kommunista P0rt;Komunistick0 Strana;Kommunista P0rt;Communistische Partij;Partido Comunista;;Kommunistinenpuolue;
ARL_conservative;Conservative Party;Parti Conservateur;Konservative Partei;Partia Konserwatywna;Partido Conservador;Partito Conservatore;Konzervat0v P0rt;Konzervativn0 Strana;Konzervat0v P0rt;Conservatieve Partij;Partido Conservador;;Konservatiivipuolue;
ARL_fascist;Fascist Party;Parti Fasciste;Faschistische Partei;Partia Faszystowska;Partido Fascista;Partito Fascista;Fasiszta P0rt;Fa0istick0 Strana;Fasiszta P0rt;Fascistische Partij;Partido Fascista;;Fasistinenpuolue;
ARL_liberal;Liberal Party;Parti Lib0ral;Liberale Partei;Partia Liberalna;Partido Liberal;Partito Liberale;Liber0lis P0rt;Liber0ln0 Strana;Liber0lis P0rt;Liberale Partij;Partido Liberal;;Liberaalipuolue;
ARL_reactionary;National Party;Parti National;Nationale Partei;Partia Narodowa;Partido Nacional;Partito Nazionale;Nemzeti P0rt;N0rodn0 Strana;Nemzeti P0rt;Nationale Partij;Partido Nacional;;Kansallispuolue;
ARL_socialist;Socialist Party;Parti Socialiste;Sozialistische Partei;Partia Socjalistyczna;Partido Socialista;Partito Socialista;Szocialista P0rt;Socialistick0 Strana;Szocialista P0rt;Socialistische Partij;Partido Socialista;;Sosialistinenpuolue;
ARP_radical;Radical Party;Parti Radical;Radikale Partei;Partia Radykalna;Partido Radical;Partito Radicale;Radik0lis P0rt;Radik0ln0 Strana;Radik0lis P0rt;Radicale Partij;Partido Radical;;Radikaalipuolue;
ARP_communist;Communist Party;Parti Communiste;Kommunistische Partei;Partia Komunistyczna;Partido Comunista;Partito Comunista;Kommunista P0rt;Komunistick0 Strana;Kommunista P0rt;Communistische Partij;Partido Comunista;;Kommunistinenpuolue;
ARP_conservative;Conservative Party;Parti Conservateur;Konservative Partei;Partia Konserwatywna;Partido Conservador;Partito Conservatore;Konzervat0v P0rt;Konzervativn0 Strana;Konzervat0v P0rt;Conservatieve Partij;Partido Conservador;;Konservatiivipuolue;
ARP_fascist;Fascist Party;Parti Fasciste;Faschistische Partei;Partia Faszystowska;Partido Fascista;Partito Fascista;Fasiszta P0rt;Fa0istick0 Strana;Fasiszta P0rt;Fascistische Partij;Partido Fascista;;Fasistinenpuolue;
ARP_liberal;Liberal Party;Parti Lib0ral;Liberale Partei;Partia Liberalna;Partido Liberal;Partito Liberale;Liber0lis P0rt;Liber0ln0 Strana;Liber0lis P0rt;Liberale Partij;Partido Liberal;;Liberaalipuolue;
ARP_reactionary;National Party;Parti National;Nationale Partei;Partia Narodowa;Partido Nacional;Partito Nazionale;Nemzeti P0rt;N0rodn0 Strana;Nemzeti P0rt;Nationale Partij;Partido Nacional;;Kansallispuolue;
ARP_socialist;Socialist Party;Parti Socialiste;Sozialistische Partei;Partia Socjalistyczna;Partido Socialista;Partito Socialista;Szocialista P0rt;Socialistick0 Strana;Szocialista P0rt;Socialistische Partij;Partido Socialista;;Sosialistinenpuolue;
ARW_radical;Radical Party;Parti Radical;Radikale Partei;Partia Radykalna;Partido Radical;Partito Radicale;Radik0lis P0rt;Radik0ln0 Strana;Radik0lis P0rt;Radicale Partij;Partido Radical;;Radikaalipuolue;
ARW_communist;Communist Party;Parti Communiste;Kommunistische Partei;Partia Komunistyczna;Partido Comunista;Partito Comunista;Kommunista P0rt;Komunistick0 Strana;Kommunista P0rt;Communistische Partij;Partido Comunista;;Kommunistinenpuolue;
ARW_conservative;Conservative Party;Parti Conservateur;Konservative Partei;Partia Konserwatywna;Partido Conservador;Partito Conservatore;Konzervat0v P0rt;Konzervativn0 Strana;Konzervat0v P0rt;Conservatieve Partij;Partido Conservador;;Konservatiivipuolue;
ARW_fascist;Fascist Party;Parti Fasciste;Faschistische Partei;Partia Faszystowska;Partido Fascista;Partito Fascista;Fasiszta P0rt;Fa0istick0 Strana;Fasiszta P0rt;Fascistische Partij;Partido Fascista;;Fasistinenpuolue;
ARW_liberal;Liberal Party;Parti Lib0ral;Liberale Partei;Partia Liberalna;Partido Liberal;Partito Liberale;Liber0lis P0rt;Liber0ln0 Strana;Liber0lis P0rt;Liberale Partij;Partido Liberal;;Liberaalipuolue;
ARW_reactionary;National Party;Parti National;Nationale Partei;Partia Narodowa;Partido Nacional;Partito Nazionale;Nemzeti P0rt;N0rodn0 Strana;Nemzeti P0rt;Nationale Partij;Partido Nacional;;Kansallispuolue;
ARW_socialist;Socialist Party;Parti Socialiste;Sozialistische Partei;Partia Socjalistyczna;Partido Socialista;Partito Socialista;Szocialista P0rt;Socialistick0 Strana;Szocialista P0rt;Socialistische Partij;Partido Socialista;;Sosialistinenpuolue;
ASI_radical;Radical Party;Parti Radical;Radikale Partei;Partia Radykalna;Partido Radical;Partito Radicale;Radik0lis P0rt;Radik0ln0 Strana;Radik0lis P0rt;Radicale Partij;Partido Radical;;Radikaalipuolue;
ASI_communist;Communist Party;Parti Communiste;Kommunistische Partei;Partia Komunistyczna;Partido Comunista;Partito Comunista;Kommunista P0rt;Komunistick0 Strana;Kommunista P0rt;Communistische Partij;Partido Comunista;;Kommunistinenpuolue;
ASI_conservative;Conservative Party;Parti Conservateur;Konservative Partei;Partia Konserwatywna;Partido Conservador;Partito Conservatore;Konzervat0v P0rt;Konzervativn0 Strana;Konzervat0v P0rt;Conservatieve Partij;Partido Conservador;;Konservatiivipuolue;
ASI_fascist;Fascist Party;Parti Fasciste;Faschistische Partei;Partia Faszystowska;Partido Fascista;Partito Fascista;Fasiszta P0rt;Fa0istick0 Strana;Fasiszta P0rt;Fascistische Partij;Partido Fascista;;Fasistinenpuolue;
ASI_liberal;Liberal Party;Parti Lib0ral;Liberale Partei;Partia Liberalna;Partido Liberal;Partito Liberale;Liber0lis P0rt;Liber0ln0 Strana;Liber0lis P0rt;Liberale Partij;Partido Liberal;;Liberaalipuolue;
ASI_reactionary;National Party;Parti National;Nationale Partei;Partia Narodowa;Partido Nacional;Partito Nazionale;Nemzeti P0rt;N0rodn0 Strana;Nemzeti P0rt;Nationale Partij;Partido Nacional;;Kansallispuolue;
ASI_socialist;Socialist Party;Parti Socialiste;Sozialistische Partei;Partia Socjalistyczna;Partido Socialista;Partito Socialista;Szocialista P0rt;Socialistick0 Strana;Szocialista P0rt;Socialistische Partij;Partido Socialista;;Sosialistinenpuolue;
ASK;Ashikaga;Ashikaga;Ashikaga;Ashikaga;Ashikaga;Ashikaga;Ashikaga;Ashikaga;Ashikaga;Ashikaga;Ashikaga;Ashikaga;Ashikaga;
ASK_ADJ;Ashikaga;Ashikaga;Ashikagaisch;Ashikaga;ashikaga;Ashikaga;Ashikaga;Ashikaga;Ashikaga;Ashikaga;Ashikaga;Ashikaga;Ashikaga;
ASK_radical;Radical Party;Parti Radical;Radikale Partei;Partia Radykalna;Partido Radical;Partito Radicale;Radik0lis P0rt;Radik0ln0 Strana;Radik0lis P0rt;Radicale Partij;Partido Radical;;Radikaalipuolue;
ASK_communist;Communist Party;Parti Communiste;Kommunistische Partei;Partia Komunistyczna;Partido Comunista;Partito Comunista;Kommunista P0rt;Komunistick0 Strana;Kommunista P0rt;Communistische Partij;Partido Comunista;;Kommunistinenpuolue;
ASK_conservative;Conservative Party;Parti Conservateur;Konservative Partei;Partia Konserwatywna;Partido Conservador;Partito Conservatore;Konzervat0v P0rt;Konzervativn0 Strana;Konzervat0v P0rt;Conservatieve Partij;Partido Conservador;;Konservatiivipuolue;
ASK_fascist;Fascist Party;Parti Fasciste;Faschistische Partei;Partia Faszystowska;Partido Fascista;Partito Fascista;Fasiszta P0rt;Fa0istick0 Strana;Fasiszta P0rt;Fascistische Partij;Partido Fascista;;Fasistinenpuolue;
ASK_liberal;Liberal Party;Parti Lib0ral;Liberale Partei;Partia Liberalna;Partido Liberal;Partito Liberale;Liber0lis P0rt;Liber0ln0 Strana;Liber0lis P0rt;Liberale Partij;Partido Liberal;;Liberaalipuolue;
ASK_reactionary;National Party;Parti National;Nationale Partei;Partia Narodowa;Partido Nacional;Partito Nazionale;Nemzeti P0rt;N0rodn0 Strana;Nemzeti P0rt;Nationale Partij;Partido Nacional;;Kansallispuolue;
ASK_socialist;Socialist Party;Parti Socialiste;Sozialistische Partei;Partia Socjalistyczna;Partido Socialista;Partito Socialista;Szocialista P0rt;Socialistick0 Strana;Szocialista P0rt;Socialistische Partij;Partido Socialista;;Sosialistinenpuolue;
AVA_radical;Radical Party;Parti Radical;Radikale Partei;Partia Radykalna;Partido Radical;Partito Radicale;Radik0lis P0rt;Radik0ln0 Strana;Radik0lis P0rt;Radicale Partij;Partido Radical;;Radikaalipuolue;
AVA_communist;Communist Party;Parti Communiste;Kommunistische Partei;Partia Komunistyczna;Partido Comunista;Partito Comunista;Kommunista P0rt;Komunistick0 Strana;Kommunista P0rt;Communistische Partij;Partido Comunista;;Kommunistinenpuolue;
AVA_conservative;Conservative Party;Parti Conservateur;Konservative Partei;Partia Konserwatywna;Partido Conservador;Partito Conservatore;Konzervat0v P0rt;Konzervativn0 Strana;Konzervat0v P0rt;Conservatieve Partij;Partido Conservador;;Konservatiivipuolue;
AVA_fascist;Fascist Party;Parti Fasciste;Faschistische Partei;Partia Faszystowska;Partido Fascista;Partito Fascista;Fasiszta P0rt;Fa0istick0 Strana;Fasiszta P0rt;Fascistische Partij;Partido Fascista;;Fasistinenpuolue;
AVA_liberal;Liberal Party;Parti Lib0ral;Liberale Partei;Partia Liberalna;Partido Liberal;Partito Liberale;Liber0lis P0rt;Liber0ln0 Strana;Liber0lis P0rt;Liberale Partij;Partido Liberal;;Liberaalipuolue;
AVA_reactionary;National Party;Parti National;Nationale Partei;Partia Narodowa;Partido Nacional;Partito Nazionale;Nemzeti P0rt;N0rodn0 Strana;Nemzeti P0rt;Nationale Partij;Partido Nacional;;Kansallispuolue;
AVA_socialist;Socialist Party;Parti Socialiste;Sozialistische Partei;Partia Socjalistyczna;Partido Socialista;Partito Socialista;Szocialista P0rt;Socialistick0 Strana;Szocialista P0rt;Socialistische Partij;Partido Socialista;;Sosialistinenpuolue;
AVR_radical;Radical Party;Parti Radical;Radikale Partei;Partia Radykalna;Partido Radical;Partito Radicale;Radik0lis P0rt;Radik0ln0 Strana;Radik0lis P0rt;Radicale Partij;Partido Radical;;Radikaalipuolue;
AVR_communist;Communist Party;Parti Communiste;Kommunistische Partei;Partia Komunistyczna;Partido Comunista;Partito Comunista;Kommunista P0rt;Komunistick0 Strana;Kommunista P0rt;Communistische Partij;Partido Comunista;;Kommunistinenpuolue;
AVR_conservative;Conservative Party;Parti Conservateur;Konservative Partei;Partia Konserwatywna;Partido Conservador;Partito Conservatore;Konzervat0v P0rt;Konzervativn0 Strana;Konzervat0v P0rt;Conservatieve Partij;Partido Conservador;;Konservatiivipuolue;
AVR_fascist;Fascist Party;Parti Fasciste;Faschistische Partei;Partia Faszystowska;Partido Fascista;Partito Fascista;Fasiszta P0rt;Fa0istick0 Strana;Fasiszta P0rt;Fascistische Partij;Partido Fascista;;Fasistinenpuolue;
AVR_liberal;Liberal Party;Parti Lib0ral;Liberale Partei;Partia Liberalna;Partido Liberal;Partito Liberale;Liber0lis P0rt;Liber0ln0 Strana;Liber0lis P0rt;Liberale Partij;Partido Liberal;;Liberaalipuolue;
AVR_reactionary;National Party;Parti National;Nationale Partei;Partia Narodowa;Partido Nacional;Partito Nazionale;Nemzeti P0rt;N0rodn0 Strana;Nemzeti P0rt;Nationale Partij;Partido Nacional;;Kansallispuolue;
AVR_socialist;Socialist Party;Parti Socialiste;Sozialistische Partei;Partia Socjalistyczna;Partido Socialista;Partito Socialista;Szocialista P0rt;Socialistick0 Strana;Szocialista P0rt;Socialistische Partij;Partido Socialista;;Sosialistinenpuolue;
AYR_radical;Radical Party;Parti Radical;Radikale Partei;Partia Radykalna;Partido Radical;Partito Radicale;Radik0lis P0rt;Radik0ln0 Strana;Radik0lis P0rt;Radicale Partij;Partido Radical;;Radikaalipuolue;
AYR_communist;Communist Party;Parti Communiste;Kommunistische Partei;Partia Komunistyczna;Partido Comunista;Partito Comunista;Kommunista P0rt;Komunistick0 Strana;Kommunista P0rt;Communistische Partij;Partido Comunista;;Kommunistinenpuolue;
AYR_conservative;Conservative Party;Parti Conservateur;Konservative Partei;Partia Konserwatywna;Partido Conservador;Partito Conservatore;Konzervat0v P0rt;Konzervativn0 Strana;Konzervat0v P0rt;Conservatieve Partij;Partido Conservador;;Konservatiivipuolue;
AYR_fascist;Fascist Party;Parti Fasciste;Faschistische Partei;Partia Faszystowska;Partido Fascista;Partito Fascista;Fasiszta P0rt;Fa0istick0 Strana;Fasiszta P0rt;Fascistische Partij;Partido Fascista;;Fasistinenpuolue;
AYR_liberal;Liberal Party;Parti Lib0ral;Liberale Partei;Partia Liberalna;Partido Liberal;Partito Liberale;Liber0lis P0rt;Liber0ln0 Strana;Liber0lis P0rt;Liberale Partij;Partido Liberal;;Liberaalipuolue;
AYR_reactionary;National Party;Parti National;Nationale Partei;Partia Narodowa;Partido Nacional;Partito Nazionale;Nemzeti P0rt;N0rodn0 Strana;Nemzeti P0rt;Nationale Partij;Partido Nacional;;Kansallispuolue;
AYR_socialist;Socialist Party;Parti Socialiste;Sozialistische Partei;Partia Socjalistyczna;Partido Socialista;Partito Socialista;Szocialista P0rt;Socialistick0 Strana;Szocialista P0rt;Socialistische Partij;Partido Socialista;;Sosialistinenpuolue;
AYU;Hisn Kayfa;Hisn Kayfâ;Hasankeyf;Ayyubids;Hisn Kayfa;Ayyubids;Ayyubids;Ayyubids;Ayyubids;Ayyubids;Ayyubids;Ayyubids;Ayyubids;
AYU_ADJ;Hisn Kayfan;hisn-kayfie;Hasankeyfisch;Hisn Kayfan;hisnkayfí;Hisn Kayfan;Hisn Kayfan;Hisn Kayfan;Hisn Kayfan;Hisn Kayfan;Hisn Kayfan;Hisn Kayfan;Hisn Kayfan;
AYU_radical;Radical Party;Parti Radical;Radikale Partei;Partia Radykalna;Partido Radical;Partito Radicale;Radik0lis P0rt;Radik0ln0 Strana;Radik0lis P0rt;Radicale Partij;Partido Radical;;Radikaalipuolue;
AYU_communist;Communist Party;Parti Communiste;Kommunistische Partei;Partia Komunistyczna;Partido Comunista;Partito Comunista;Kommunista P0rt;Komunistick0 Strana;Kommunista P0rt;Communistische Partij;Partido Comunista;;Kommunistinenpuolue;
AYU_conservative;Conservative Party;Parti Conservateur;Konservative Partei;Partia Konserwatywna;Partido Conservador;Partito Conservatore;Konzervat0v P0rt;Konzervativn0 Strana;Konzervat0v P0rt;Conservatieve Partij;Partido Conservador;;Konservatiivipuolue;
AYU_fascist;Fascist Party;Parti Fasciste;Faschistische Partei;Partia Faszystowska;Partido Fascista;Partito Fascista;Fasiszta P0rt;Fa0istick0 Strana;Fasiszta P0rt;Fascistische Partij;Partido Fascista;;Fasistinenpuolue;
AYU_liberal;Liberal Party;Parti Lib0ral;Liberale Partei;Partia Liberalna;Partido Liberal;Partito Liberale;Liber0lis P0rt;Liber0ln0 Strana;Liber0lis P0rt;Liberale Partij;Partido Liberal;;Liberaalipuolue;
AYU_reactionary;National Party;Parti National;Nationale Partei;Partia Narodowa;Partido Nacional;Partito Nazionale;Nemzeti P0rt;N0rodn0 Strana;Nemzeti P0rt;Nationale Partij;Partido Nacional;;Kansallispuolue;
AYU_socialist;Socialist Party;Parti Socialiste;Sozialistische Partei;Partia Socjalistyczna;Partido Socialista;Partito Socialista;Szocialista P0rt;Socialistick0 Strana;Szocialista P0rt;Socialistische Partij;Partido Socialista;;Sosialistinenpuolue;
BGA;Baglana;Baglana;Baglana;Baglana;Baglana;Baglana;Baglana;Baglana;Baglana;Baglana;Baglana;Baglana;Baglana;
BGA_ADJ;Baglani;baglani;Baglanisch;Baglani;baglaní;Baglani;Baglani;Baglani;Baglani;Baglani;Baglani;Baglani;Baglani;
BGA_radical;Radical Party;Parti Radical;Radikale Partei;Partia Radykalna;Partido Radical;Partito Radicale;Radik0lis P0rt;Radik0ln0 Strana;Radik0lis P0rt;Radicale Partij;Partido Radical;;Radikaalipuolue;
BGA_communist;Communist Party;Parti Communiste;Kommunistische Partei;Partia Komunistyczna;Partido Comunista;Partito Comunista;Kommunista P0rt;Komunistick0 Strana;Kommunista P0rt;Communistische Partij;Partido Comunista;;Kommunistinenpuolue;
BGA_conservative;Conservative Party;Parti Conservateur;Konservative Partei;Partia Konserwatywna;Partido Conservador;Partito Conservatore;Konzervat0v P0rt;Konzervativn0 Strana;Konzervat0v P0rt;Conservatieve Partij;Partido Conservador;;Konservatiivipuolue;
BGA_fascist;Fascist Party;Parti Fasciste;Faschistische Partei;Partia Faszystowska;Partido Fascista;Partito Fascista;Fasiszta P0rt;Fa0istick0 Strana;Fasiszta P0rt;Fascistische Partij;Partido Fascista;;Fasistinenpuolue;
BGA_liberal;Liberal Party;Parti Lib0ral;Liberale Partei;Partia Liberalna;Partido Liberal;Partito Liberale;Liber0lis P0rt;Liber0ln0 Strana;Liber0lis P0rt;Liberale Partij;Partido Liberal;;Liberaalipuolue;
BGA_reactionary;National Party;Parti National;Nationale Partei;Partia Narodowa;Partido Nacional;Partito Nazionale;Nemzeti P0rt;N0rodn0 Strana;Nemzeti P0rt;Nationale Partij;Partido Nacional;;Kansallispuolue;
BGA_socialist;Socialist Party;Parti Socialiste;Sozialistische Partei;Partia Socjalistyczna;Partido Socialista;Partito Socialista;Szocialista P0rt;Socialistick0 Strana;Szocialista P0rt;Socialistische Partij;Partido Socialista;;Sosialistinenpuolue;
BGL_radical;Radical Party;Parti Radical;Radikale Partei;Partia Radykalna;Partido Radical;Partito Radicale;Radik0lis P0rt;Radik0ln0 Strana;Radik0lis P0rt;Radicale Partij;Partido Radical;;Radikaalipuolue;
BGL_communist;Communist Party;Parti Communiste;Kommunistische Partei;Partia Komunistyczna;Partido Comunista;Partito Comunista;Kommunista P0rt;Komunistick0 Strana;Kommunista P0rt;Communistische Partij;Partido Comunista;;Kommunistinenpuolue;
BGL_conservative;Conservative Party;Parti Conservateur;Konservative Partei;Partia Konserwatywna;Partido Conservador;Partito Conservatore;Konzervat0v P0rt;Konzervativn0 Strana;Konzervat0v P0rt;Conservatieve Partij;Partido Conservador;;Konservatiivipuolue;
BGL_fascist;Fascist Party;Parti Fasciste;Faschistische Partei;Partia Faszystowska;Partido Fascista;Partito Fascista;Fasiszta P0rt;Fa0istick0 Strana;Fasiszta P0rt;Fascistische Partij;Partido Fascista;;Fasistinenpuolue;
BGL_liberal;Liberal Party;Parti Lib0ral;Liberale Partei;Partia Liberalna;Partido Liberal;Partito Liberale;Liber0lis P0rt;Liber0ln0 Strana;Liber0lis P0rt;Liberale Partij;Partido Liberal;;Liberaalipuolue;
BGL_reactionary;National Party;Parti National;Nationale Partei;Partia Narodowa;Partido Nacional;Partito Nazionale;Nemzeti P0rt;N0rodn0 Strana;Nemzeti P0rt;Nationale Partij;Partido Nacional;;Kansallispuolue;
BGL_socialist;Socialist Party;Parti Socialiste;Sozialistische Partei;Partia Socjalistyczna;Partido Socialista;Partito Socialista;Szocialista P0rt;Socialistick0 Strana;Szocialista P0rt;Socialistische Partij;Partido Socialista;;Sosialistinenpuolue;
BLA_radical;Radical Party;Parti Radical;Radikale Partei;Partia Radykalna;Partido Radical;Partito Radicale;Radik0lis P0rt;Radik0ln0 Strana;Radik0lis P0rt;Radicale Partij;Partido Radical;;Radikaalipuolue;
BLA_communist;Communist Party;Parti Communiste;Kommunistische Partei;Partia Komunistyczna;Partido Comunista;Partito Comunista;Kommunista P0rt;Komunistick0 Strana;Kommunista P0rt;Communistische Partij;Partido Comunista;;Kommunistinenpuolue;
BLA_conservative;Conservative Party;Parti Conservateur;Konservative Partei;Partia Konserwatywna;Partido Conservador;Partito Conservatore;Konzervat0v P0rt;Konzervativn0 Strana;Konzervat0v P0rt;Conservatieve Partij;Partido Conservador;;Konservatiivipuolue;
BLA_fascist;Fascist Party;Parti Fasciste;Faschistische Partei;Partia Faszystowska;Partido Fascista;Partito Fascista;Fasiszta P0rt;Fa0istick0 Strana;Fasiszta P0rt;Fascistische Partij;Partido Fascista;;Fasistinenpuolue;
BLA_liberal;Liberal Party;Parti Lib0ral;Liberale Partei;Partia Liberalna;Partido Liberal;Partito Liberale;Liber0lis P0rt;Liber0ln0 Strana;Liber0lis P0rt;Liberale Partij;Partido Liberal;;Liberaalipuolue;
BLA_reactionary;National Party;Parti National;Nationale Partei;Partia Narodowa;Partido Nacional;Partito Nazionale;Nemzeti P0rt;N0rodn0 Strana;Nemzeti P0rt;Nationale Partij;Partido Nacional;;Kansallispuolue;
BLA_socialist;Socialist Party;Parti Socialiste;Sozialistische Partei;Partia Socjalistyczna;Partido Socialista;Partito Socialista;Szocialista P0rt;Socialistick0 Strana;Szocialista P0rt;Socialistische Partij;Partido Socialista;;Sosialistinenpuolue;
BON;Bonoman;Bono;Bono;Bonoman;Bonoman;Bonoman;Bonoman;Bonoman;Bonoman;Bonoman;Bonoman;Bonoman;Bonoman;
BON_ADJ;Bonoman;bono;Bonoisch;Bonoman;bonomaní;Bonoman;Bonoman;Bonoman;Bonoman;Bonoman;Bonoman;Bonoman;Bonoman;
BON_radical;Radical Party;Parti Radical;Radikale Partei;Partia Radykalna;Partido Radical;Partito Radicale;Radik0lis P0rt;Radik0ln0 Strana;Radik0lis P0rt;Radicale Partij;Partido Radical;;Radikaalipuolue;
BON_communist;Communist Party;Parti Communiste;Kommunistische Partei;Partia Komunistyczna;Partido Comunista;Partito Comunista;Kommunista P0rt;Komunistick0 Strana;Kommunista P0rt;Communistische Partij;Partido Comunista;;Kommunistinenpuolue;
BON_conservative;Conservative Party;Parti Conservateur;Konservative Partei;Partia Konserwatywna;Partido Conservador;Partito Conservatore;Konzervat0v P0rt;Konzervativn0 Strana;Konzervat0v P0rt;Conservatieve Partij;Partido Conservador;;Konservatiivipuolue;
BON_fascist;Fascist Party;Parti Fasciste;Faschistische Partei;Partia Faszystowska;Partido Fascista;Partito Fascista;Fasiszta P0rt;Fa0istick0 Strana;Fasiszta P0rt;Fascistische Partij;Partido Fascista;;Fasistinenpuolue;
BON_liberal;Liberal Party;Parti Lib0ral;Liberale Partei;Partia Liberalna;Partido Liberal;Partito Liberale;Liber0lis P0rt;Liber0ln0 Strana;Liber0lis P0rt;Liberale Partij;Partido Liberal;;Liberaalipuolue;
BON_reactionary;National Party;Parti National;Nationale Partei;Partia Narodowa;Partido Nacional;Partito Nazionale;Nemzeti P0rt;N0rodn0 Strana;Nemzeti P0rt;Nationale Partij;Partido Nacional;;Kansallispuolue;
BON_socialist;Socialist Party;Parti Socialiste;Sozialistische Partei;Partia Socjalistyczna;Partido Socialista;Partito Socialista;Szocialista P0rt;Socialistick0 Strana;Szocialista P0rt;Socialistische Partij;Partido Socialista;;Sosialistinenpuolue;
BPI;Biapas;Bîapas;Biapas;Biapas;Biapas;Biapas;Biapas;Biapas;Biapas;Biapas;Biapas;Biapas;Biapas;
BPI_ADJ;Biapasi;bîapassie;Biapasisch;Biapasi;biapasí;Biapasi;Biapasi;Biapasi;Biapasi;Biapasi;Biapasi;Biapasi;Biapasi;
BPI_radical;Radical Party;Parti Radical;Radikale Partei;Partia Radykalna;Partido Radical;Partito Radicale;Radik0lis P0rt;Radik0ln0 Strana;Radik0lis P0rt;Radicale Partij;Partido Radical;;Radikaalipuolue;
BPI_communist;Communist Party;Parti Communiste;Kommunistische Partei;Partia Komunistyczna;Partido Comunista;Partito Comunista;Kommunista P0rt;Komunistick0 Strana;Kommunista P0rt;Communistische Partij;Partido Comunista;;Kommunistinenpuolue;
BPI_conservative;Conservative Party;Parti Conservateur;Konservative Partei;Partia Konserwatywna;Partido Conservador;Partito Conservatore;Konzervat0v P0rt;Konzervativn0 Strana;Konzervat0v P0rt;Conservatieve Partij;Partido Conservador;;Konservatiivipuolue;
BPI_fascist;Fascist Party;Parti Fasciste;Faschistische Partei;Partia Faszystowska;Partido Fascista;Partito Fascista;Fasiszta P0rt;Fa0istick0 Strana;Fasiszta P0rt;Fascistische Partij;Partido Fascista;;Fasistinenpuolue;
BPI_liberal;Liberal Party;Parti Lib0ral;Liberale Partei;Partia Liberalna;Partido Liberal;Partito Liberale;Liber0lis P0rt;Liber0ln0 Strana;Liber0lis P0rt;Liberale Partij;Partido Liberal;;Liberaalipuolue;
BPI_reactionary;National Party;Parti National;Nationale Partei;Partia Narodowa;Partido Nacional;Partito Nazionale;Nemzeti P0rt;N0rodn0 Strana;Nemzeti P0rt;Nationale Partij;Partido Nacional;;Kansallispuolue;
BPI_socialist;Socialist Party;Parti Socialiste;Sozialistische Partei;Partia Socjalistyczna;Partido Socialista;Partito Socialista;Szocialista P0rt;Socialistick0 Strana;Szocialista P0rt;Socialistische Partij;Partido Socialista;;Sosialistinenpuolue;
BPR;Prome;Prome;Prome;Prome;Prome;Prome;Prome;Prome;Prome;Prome;Prome;Prome;Prome;
BPR_ADJ;Prome;promiote;Promenisch;Prome;prome;Prome;Prome;Prome;Prome;Prome;Prome;Prome;Prome;
BPR_radical;Radical Party;Parti Radical;Radikale Partei;Partia Radykalna;Partido Radical;Partito Radicale;Radik0lis P0rt;Radik0ln0 Strana;Radik0lis P0rt;Radicale Partij;Partido Radical;;Radikaalipuolue;
BPR_communist;Communist Party;Parti Communiste;Kommunistische Partei;Partia Komunistyczna;Partido Comunista;Partito Comunista;Kommunista P0rt;Komunistick0 Strana;Kommunista P0rt;Communistische Partij;Partido Comunista;;Kommunistinenpuolue;
BPR_conservative;Conservative Party;Parti Conservateur;Konservative Partei;Partia Konserwatywna;Partido Conservador;Partito Conservatore;Konzervat0v P0rt;Konzervativn0 Strana;Konzervat0v P0rt;Conservatieve Partij;Partido Conservador;;Konservatiivipuolue;
BPR_fascist;Fascist Party;Parti Fasciste;Faschistische Partei;Partia Faszystowska;Partido Fascista;Partito Fascista;Fasiszta P0rt;Fa0istick0 Strana;Fasiszta P0rt;Fascistische Partij;Partido Fascista;;Fasistinenpuolue;
BPR_liberal;Liberal Party;Parti Lib0ral;Liberale Partei;Partia Liberalna;Partido Liberal;Partito Liberale;Liber0lis P0rt;Liber0ln0 Strana;Liber0lis P0rt;Liberale Partij;Partido Liberal;;Liberaalipuolue;
BPR_reactionary;National Party;Parti National;Nationale Partei;Partia Narodowa;Partido Nacional;Partito Nazionale;Nemzeti P0rt;N0rodn0 Strana;Nemzeti P0rt;Nationale Partij;Partido Nacional;;Kansallispuolue;
BPR_socialist;Socialist Party;Parti Socialiste;Sozialistische Partei;Partia Socjalistyczna;Partido Socialista;Partito Socialista;Szocialista P0rt;Socialistick0 Strana;Szocialista P0rt;Socialistische Partij;Partido Socialista;;Sosialistinenpuolue;
BTL_radical;Radical Party;Parti Radical;Radikale Partei;Partia Radykalna;Partido Radical;Partito Radicale;Radik0lis P0rt;Radik0ln0 Strana;Radik0lis P0rt;Radicale Partij;Partido Radical;;Radikaalipuolue;
BTL_communist;Communist Party;Parti Communiste;Kommunistische Partei;Partia Komunistyczna;Partido Comunista;Partito Comunista;Kommunista P0rt;Komunistick0 Strana;Kommunista P0rt;Communistische Partij;Partido Comunista;;Kommunistinenpuolue;
BTL_conservative;Conservative Party;Parti Conservateur;Konservative Partei;Partia Konserwatywna;Partido Conservador;Partito Conservatore;Konzervat0v P0rt;Konzervativn0 Strana;Konzervat0v P0rt;Conservatieve Partij;Partido Conservador;;Konservatiivipuolue;
BTL_fascist;Fascist Party;Parti Fasciste;Faschistische Partei;Partia Faszystowska;Partido Fascista;Partito Fascista;Fasiszta P0rt;Fa0istick0 Strana;Fasiszta P0rt;Fascistische Partij;Partido Fascista;;Fasistinenpuolue;
BTL_liberal;Liberal Party;Parti Lib0ral;Liberale Partei;Partia Liberalna;Partido Liberal;Partito Liberale;Liber0lis P0rt;Liber0ln0 Strana;Liber0lis P0rt;Liberale Partij;Partido Liberal;;Liberaalipuolue;
BTL_reactionary;National Party;Parti National;Nationale Partei;Partia Narodowa;Partido Nacional;Partito Nazionale;Nemzeti P0rt;N0rodn0 Strana;Nemzeti P0rt;Nationale Partij;Partido Nacional;;Kansallispuolue;
BTL_socialist;Socialist Party;Parti Socialiste;Sozialistische Partei;Partia Socjalistyczna;Partido Socialista;Partito Socialista;Szocialista P0rt;Socialistick0 Strana;Szocialista P0rt;Socialistische Partij;Partido Socialista;;Sosialistinenpuolue;
BTN;Buton;Buton;Buton;Buton;Buton;Buton;Buton;Buton;Buton;Buton;Buton;Buton;Buton;
BTN_ADJ;Butoni;butoni;Butonisch;Butoni;butono;Butoni;Butoni;Butoni;Butoni;Butoni;Butoni;Butoni;Butoni;
BTN_radical;Radical Party;Parti Radical;Radikale Partei;Partia Radykalna;Partido Radical;Partito Radicale;Radik0lis P0rt;Radik0ln0 Strana;Radik0lis P0rt;Radicale Partij;Partido Radical;;Radikaalipuolue;
BTN_communist;Communist Party;Parti Communiste;Kommunistische Partei;Partia Komunistyczna;Partido Comunista;Partito Comunista;Kommunista P0rt;Komunistick0 Strana;Kommunista P0rt;Communistische Partij;Partido Comunista;;Kommunistinenpuolue;
BTN_conservative;Conservative Party;Parti Conservateur;Konservative Partei;Partia Konserwatywna;Partido Conservador;Partito Conservatore;Konzervat0v P0rt;Konzervativn0 Strana;Konzervat0v P0rt;Conservatieve Partij;Partido Conservador;;Konservatiivipuolue;
BTN_fascist;Fascist Party;Parti Fasciste;Faschistische Partei;Partia Faszystowska;Partido Fascista;Partito Fascista;Fasiszta P0rt;Fa0istick0 Strana;Fasiszta P0rt;Fascistische Partij;Partido Fascista;;Fasistinenpuolue;
BTN_liberal;Liberal Party;Parti Lib0ral;Liberale Partei;Partia Liberalna;Partido Liberal;Partito Liberale;Liber0lis P0rt;Liber0ln0 Strana;Liber0lis P0rt;Liberale Partij;Partido Liberal;;Liberaalipuolue;
BTN_reactionary;National Party;Parti National;Nationale Partei;Partia Narodowa;Partido Nacional;Partito Nazionale;Nemzeti P0rt;N0rodn0 Strana;Nemzeti P0rt;Nationale Partij;Partido Nacional;;Kansallispuolue;
BTN_socialist;Socialist Party;Parti Socialiste;Sozialistische Partei;Partia Socjalistyczna;Partido Socialista;Partito Socialista;Szocialista P0rt;Socialistick0 Strana;Szocialista P0rt;Socialistische Partij;Partido Socialista;;Sosialistinenpuolue;
BTU;Butuan;Butuan;Butuan;Butuan;Butuán;Butuan;Butuan;Butuan;Butuan;Butuan;Butuan;Butuan;Butuan;
BTU_ADJ;Butuan;butuane;Butuanisch;Butuan;butuano;Butuan;Butuan;Butuan;Butuan;Butuan;Butuan;Butuan;Butuan;
BTU_radical;Radical Party;Parti Radical;Radikale Partei;Partia Radykalna;Partido Radical;Partito Radicale;Radik0lis P0rt;Radik0ln0 Strana;Radik0lis P0rt;Radicale Partij;Partido Radical;;Radikaalipuolue;
BTU_communist;Communist Party;Parti Communiste;Kommunistische Partei;Partia Komunistyczna;Partido Comunista;Partito Comunista;Kommunista P0rt;Komunistick0 Strana;Kommunista P0rt;Communistische Partij;Partido Comunista;;Kommunistinenpuolue;
BTU_conservative;Conservative Party;Parti Conservateur;Konservative Partei;Partia Konserwatywna;Partido Conservador;Partito Conservatore;Konzervat0v P0rt;Konzervativn0 Strana;Konzervat0v P0rt;Conservatieve Partij;Partido Conservador;;Konservatiivipuolue;
BTU_fascist;Fascist Party;Parti Fasciste;Faschistische Partei;Partia Faszystowska;Partido Fascista;Partito Fascista;Fasiszta P0rt;Fa0istick0 Strana;Fasiszta P0rt;Fascistische Partij;Partido Fascista;;Fasistinenpuolue;
BTU_liberal;Liberal Party;Parti Lib0ral;Liberale Partei;Partia Liberalna;Partido Liberal;Partito Liberale;Liber0lis P0rt;Liber0ln0 Strana;Liber0lis P0rt;Liberale Partij;Partido Liberal;;Liberaalipuolue;
BTU_reactionary;National Party;Parti National;Nationale Partei;Partia Narodowa;Partido Nacional;Partito Nazionale;Nemzeti P0rt;N0rodn0 Strana;Nemzeti P0rt;Nationale Partij;Partido Nacional;;Kansallispuolue;
BTU_socialist;Socialist Party;Parti Socialiste;Sozialistische Partei;Partia Socjalistyczna;Partido Socialista;Partito Socialista;Szocialista P0rt;Socialistick0 Strana;Szocialista P0rt;Socialistische Partij;Partido Socialista;;Sosialistinenpuolue;
BYA;Buryatia;Bouriates;Burjatien;Buryats;Buriatia;Buryats;Buryats;Buryats;Buryats;Buryats;Buryats;Buryats;Buryats;
BYA_ADJ;Buriat;bouriate;Burjatisch;Buriat;buriato;Buriat;Buriat;Buriat;Buriat;Buriat;Buriat;Buriat;Buriat;
BYA_radical;Radical Party;Parti Radical;Radikale Partei;Partia Radykalna;Partido Radical;Partito Radicale;Radik0lis P0rt;Radik0ln0 Strana;Radik0lis P0rt;Radicale Partij;Partido Radical;;Radikaalipuolue;
BYA_communist;Communist Party;Parti Communiste;Kommunistische Partei;Partia Komunistyczna;Partido Comunista;Partito Comunista;Kommunista P0rt;Komunistick0 Strana;Kommunista P0rt;Communistische Partij;Partido Comunista;;Kommunistinenpuolue;
BYA_conservative;Conservative Party;Parti Conservateur;Konservative Partei;Partia Konserwatywna;Partido Conservador;Partito Conservatore;Konzervat0v P0rt;Konzervativn0 Strana;Konzervat0v P0rt;Conservatieve Partij;Partido Conservador;;Konservatiivipuolue;
BYA_fascist;Fascist Party;Parti Fasciste;Faschistische Partei;Partia Faszystowska;Partido Fascista;Partito Fascista;Fasiszta P0rt;Fa0istick0 Strana;Fasiszta P0rt;Fascistische Partij;Partido Fascista;;Fasistinenpuolue;
BYA_liberal;Liberal Party;Parti Lib0ral;Liberale Partei;Partia Liberalna;Partido Liberal;Partito Liberale;Liber0lis P0rt;Liber0ln0 Strana;Liber0lis P0rt;Liberale Partij;Partido Liberal;;Liberaalipuolue;
BYA_reactionary;National Party;Parti National;Nationale Partei;Partia Narodowa;Partido Nacional;Partito Nazionale;Nemzeti P0rt;N0rodn0 Strana;Nemzeti P0rt;Nationale Partij;Partido Nacional;;Kansallispuolue;
BYA_socialist;Socialist Party;Parti Socialiste;Sozialistische Partei;Partia Socjalistyczna;Partido Socialista;Partito Socialista;Szocialista P0rt;Socialistick0 Strana;Szocialista P0rt;Socialistische Partij;Partido Socialista;;Sosialistinenpuolue;
CAB;Carib;Caribes;Kariben;Carib;Caribes;Carib;Carib;Carib;Carib;Carib;Carib;Carib;Carib;
CAB_ADJ;Cariban;caribe;Karibisch;Cariban;caribe;Cariban;Cariban;Cariban;Cariban;Cariban;Cariban;Cariban;Cariban;
CAB_radical;Radical Party;Parti Radical;Radikale Partei;Partia Radykalna;Partido Radical;Partito Radicale;Radik0lis P0rt;Radik0ln0 Strana;Radik0lis P0rt;Radicale Partij;Partido Radical;;Radikaalipuolue;
CAB_communist;Communist Party;Parti Communiste;Kommunistische Partei;Partia Komunistyczna;Partido Comunista;Partito Comunista;Kommunista P0rt;Komunistick0 Strana;Kommunista P0rt;Communistische Partij;Partido Comunista;;Kommunistinenpuolue;
CAB_conservative;Conservative Party;Parti Conservateur;Konservative Partei;Partia Konserwatywna;Partido Conservador;Partito Conservatore;Konzervat0v P0rt;Konzervativn0 Strana;Konzervat0v P0rt;Conservatieve Partij;Partido Conservador;;Konservatiivipuolue;
CAB_fascist;Fascist Party;Parti Fasciste;Faschistische Partei;Partia Faszystowska;Partido Fascista;Partito Fascista;Fasiszta P0rt;Fa0istick0 Strana;Fasiszta P0rt;Fascistische Partij;Partido Fascista;;Fasistinenpuolue;
CAB_liberal;Liberal Party;Parti Lib0ral;Liberale Partei;Partia Liberalna;Partido Liberal;Partito Liberale;Liber0lis P0rt;Liber0ln0 Strana;Liber0lis P0rt;Liberale Partij;Partido Liberal;;Liberaalipuolue;
CAB_reactionary;National Party;Parti National;Nationale Partei;Partia Narodowa;Partido Nacional;Partito Nazionale;Nemzeti P0rt;N0rodn0 Strana;Nemzeti P0rt;Nationale Partij;Partido Nacional;;Kansallispuolue;
CAB_socialist;Socialist Party;Parti Socialiste;Sozialistische Partei;Partia Socjalistyczna;Partido Socialista;Partito Socialista;Szocialista P0rt;Socialistick0 Strana;Szocialista P0rt;Socialistische Partij;Partido Socialista;;Sosialistinenpuolue;
CAD_radical;Radical Party;Parti Radical;Radikale Partei;Partia Radykalna;Partido Radical;Partito Radicale;Radik0lis P0rt;Radik0ln0 Strana;Radik0lis P0rt;Radicale Partij;Partido Radical;;Radikaalipuolue;
CAD_communist;Communist Party;Parti Communiste;Kommunistische Partei;Partia Komunistyczna;Partido Comunista;Partito Comunista;Kommunista P0rt;Komunistick0 Strana;Kommunista P0rt;Communistische Partij;Partido Comunista;;Kommunistinenpuolue;
CAD_conservative;Conservative Party;Parti Conservateur;Konservative Partei;Partia Konserwatywna;Partido Conservador;Partito Conservatore;Konzervat0v P0rt;Konzervativn0 Strana;Konzervat0v P0rt;Conservatieve Partij;Partido Conservador;;Konservatiivipuolue;
CAD_fascist;Fascist Party;Parti Fasciste;Faschistische Partei;Partia Faszystowska;Partido Fascista;Partito Fascista;Fasiszta P0rt;Fa0istick0 Strana;Fasiszta P0rt;Fascistische Partij;Partido Fascista;;Fasistinenpuolue;
CAD_liberal;Liberal Party;Parti Lib0ral;Liberale Partei;Partia Liberalna;Partido Liberal;Partito Liberale;Liber0lis P0rt;Liber0ln0 Strana;Liber0lis P0rt;Liberale Partij;Partido Liberal;;Liberaalipuolue;
CAD_reactionary;National Party;Parti National;Nationale Partei;Partia Narodowa;Partido Nacional;Partito Nazionale;Nemzeti P0rt;N0rodn0 Strana;Nemzeti P0rt;Nationale Partij;Partido Nacional;;Kansallispuolue;
CAD_socialist;Socialist Party;Parti Socialiste;Sozialistische Partei;Partia Socjalistyczna;Partido Socialista;Partito Socialista;Szocialista P0rt;Socialistick0 Strana;Szocialista P0rt;Socialistische Partij;Partido Socialista;;Sosialistinenpuolue;
CCM;Chichimeca;Chichimèques;Chichimeka;Chichimeca;Chichimeca;Chichimeca;Chichimeca;Chichimeca;Chichimeca;Chichimeca;Chichimeca;Chichimeca;Chichimeca;
CCM_ADJ;Chichimecan;chichimèque;Chichimekanisch;Chichimecan;chichimeco;Chichimecan;Chichimecan;Chichimecan;Chichimecan;Chichimecan;Chichimecan;Chichimecan;Chichimecan;
CCM_radical;Radical Party;Parti Radical;Radikale Partei;Partia Radykalna;Partido Radical;Partito Radicale;Radik0lis P0rt;Radik0ln0 Strana;Radik0lis P0rt;Radicale Partij;Partido Radical;;Radikaalipuolue;
CCM_communist;Communist Party;Parti Communiste;Kommunistische Partei;Partia Komunistyczna;Partido Comunista;Partito Comunista;Kommunista P0rt;Komunistick0 Strana;Kommunista P0rt;Communistische Partij;Partido Comunista;;Kommunistinenpuolue;
CCM_conservative;Conservative Party;Parti Conservateur;Konservative Partei;Partia Konserwatywna;Partido Conservador;Partito Conservatore;Konzervat0v P0rt;Konzervativn0 Strana;Konzervat0v P0rt;Conservatieve Partij;Partido Conservador;;Konservatiivipuolue;
CCM_fascist;Fascist Party;Parti Fasciste;Faschistische Partei;Partia Faszystowska;Partido Fascista;Partito Fascista;Fasiszta P0rt;Fa0istick0 Strana;Fasiszta P0rt;Fascistische Partij;Partido Fascista;;Fasistinenpuolue;
CCM_liberal;Liberal Party;Parti Lib0ral;Liberale Partei;Partia Liberalna;Partido Liberal;Partito Liberale;Liber0lis P0rt;Liber0ln0 Strana;Liber0lis P0rt;Liberale Partij;Partido Liberal;;Liberaalipuolue;
CCM_reactionary;National Party;Parti National;Nationale Partei;Partia Narodowa;Partido Nacional;Partito Nazionale;Nemzeti P0rt;N0rodn0 Strana;Nemzeti P0rt;Nationale Partij;Partido Nacional;;Kansallispuolue;
CCM_socialist;Socialist Party;Parti Socialiste;Sozialistische Partei;Partia Socjalistyczna;Partido Socialista;Partito Socialista;Szocialista P0rt;Socialistick0 Strana;Szocialista P0rt;Socialistische Partij;Partido Socialista;;Sosialistinenpuolue;
CCQ;Calchaqui;Calchaquís;Calchaqui;Calchaqui;Calchaqui;Calchaqui;Calchaqui;Calchaqui;Calchaqui;Calchaqui;Calchaqui;Calchaqui;Calchaqui;
CCQ_ADJ;Calchaqui;calchaquie;Calchaquisch;Calchaqui;calchaquino;Calchaqui;Calchaqui;Calchaqui;Calchaqui;Calchaqui;Calchaqui;Calchaqui;Calchaqui;
CCQ_radical;Radical Party;Parti Radical;Radikale Partei;Partia Radykalna;Partido Radical;Partito Radicale;Radik0lis P0rt;Radik0ln0 Strana;Radik0lis P0rt;Radicale Partij;Partido Radical;;Radikaalipuolue;
CCQ_communist;Communist Party;Parti Communiste;Kommunistische Partei;Partia Komunistyczna;Partido Comunista;Partito Comunista;Kommunista P0rt;Komunistick0 Strana;Kommunista P0rt;Communistische Partij;Partido Comunista;;Kommunistinenpuolue;
CCQ_conservative;Conservative Party;Parti Conservateur;Konservative Partei;Partia Konserwatywna;Partido Conservador;Partito Conservatore;Konzervat0v P0rt;Konzervativn0 Strana;Konzervat0v P0rt;Conservatieve Partij;Partido Conservador;;Konservatiivipuolue;
CCQ_fascist;Fascist Party;Parti Fasciste;Faschistische Partei;Partia Faszystowska;Partido Fascista;Partito Fascista;Fasiszta P0rt;Fa0istick0 Strana;Fasiszta P0rt;Fascistische Partij;Partido Fascista;;Fasistinenpuolue;
CCQ_liberal;Liberal Party;Parti Lib0ral;Liberale Partei;Partia Liberalna;Partido Liberal;Partito Liberale;Liber0lis P0rt;Liber0ln0 Strana;Liber0lis P0rt;Liberale Partij;Partido Liberal;;Liberaalipuolue;
CCQ_reactionary;National Party;Parti National;Nationale Partei;Partia Narodowa;Partido Nacional;Partito Nazionale;Nemzeti P0rt;N0rodn0 Strana;Nemzeti P0rt;Nationale Partij;Partido Nacional;;Kansallispuolue;
CCQ_socialist;Socialist Party;Parti Socialiste;Sozialistische Partei;Partia Socjalistyczna;Partido Socialista;Partito Socialista;Szocialista P0rt;Socialistick0 Strana;Szocialista P0rt;Socialistische Partij;Partido Socialista;;Sosialistinenpuolue;
CCT;Chactemal;Chaktemal;Chactemal;Chactemal;Chactemal;Chactemal;Chactemal;Chactemal;Chactemal;Chactemal;Chactemal;Chactemal;Chactemal;
CCT_ADJ;Chactemal;chaktemal;Chactemalisch;Chactemal;chactemal;Chactemal;Chactemal;Chactemal;Chactemal;Chactemal;Chactemal;Chactemal;Chactemal;
CCT_radical;Radical Party;Parti Radical;Radikale Partei;Partia Radykalna;Partido Radical;Partito Radicale;Radik0lis P0rt;Radik0ln0 Strana;Radik0lis P0rt;Radicale Partij;Partido Radical;;Radikaalipuolue;
CCT_communist;Communist Party;Parti Communiste;Kommunistische Partei;Partia Komunistyczna;Partido Comunista;Partito Comunista;Kommunista P0rt;Komunistick0 Strana;Kommunista P0rt;Communistische Partij;Partido Comunista;;Kommunistinenpuolue;
CCT_conservative;Conservative Party;Parti Conservateur;Konservative Partei;Partia Konserwatywna;Partido Conservador;Partito Conservatore;Konzervat0v P0rt;Konzervativn0 Strana;Konzervat0v P0rt;Conservatieve Partij;Partido Conservador;;Konservatiivipuolue;
CCT_fascist;Fascist Party;Parti Fasciste;Faschistische Partei;Partia Faszystowska;Partido Fascista;Partito Fascista;Fasiszta P0rt;Fa0istick0 Strana;Fasiszta P0rt;Fascistische Partij;Partido Fascista;;Fasistinenpuolue;
CCT_liberal;Liberal Party;Parti Lib0ral;Liberale Partei;Partia Liberalna;Partido Liberal;Partito Liberale;Liber0lis P0rt;Liber0ln0 Strana;Liber0lis P0rt;Liberale Partij;Partido Liberal;;Liberaalipuolue;
CCT_reactionary;National Party;Parti National;Nationale Partei;Partia Narodowa;Partido Nacional;Partito Nazionale;Nemzeti P0rt;N0rodn0 Strana;Nemzeti P0rt;Nationale Partij;Partido Nacional;;Kansallispuolue;
CCT_socialist;Socialist Party;Parti Socialiste;Sozialistische Partei;Partia Socjalistyczna;Partido Socialista;Partito Socialista;Szocialista P0rt;Socialistick0 Strana;Szocialista P0rt;Socialistische Partij;Partido Socialista;;Sosialistinenpuolue;
CCW_radical;Radical Party;Parti Radical;Radikale Partei;Partia Radykalna;Partido Radical;Partito Radicale;Radik0lis P0rt;Radik0ln0 Strana;Radik0lis P0rt;Radicale Partij;Partido Radical;;Radikaalipuolue;
CCW_communist;Communist Party;Parti Communiste;Kommunistische Partei;Partia Komunistyczna;Partido Comunista;Partito Comunista;Kommunista P0rt;Komunistick0 Strana;Kommunista P0rt;Communistische Partij;Partido Comunista;;Kommunistinenpuolue;
CCW_conservative;Conservative Party;Parti Conservateur;Konservative Partei;Partia Konserwatywna;Partido Conservador;Partito Conservatore;Konzervat0v P0rt;Konzervativn0 Strana;Konzervat0v P0rt;Conservatieve Partij;Partido Conservador;;Konservatiivipuolue;
CCW_fascist;Fascist Party;Parti Fasciste;Faschistische Partei;Partia Faszystowska;Partido Fascista;Partito Fascista;Fasiszta P0rt;Fa0istick0 Strana;Fasiszta P0rt;Fascistische Partij;Partido Fascista;;Fasistinenpuolue;
CCW_liberal;Liberal Party;Parti Lib0ral;Liberale Partei;Partia Liberalna;Partido Liberal;Partito Liberale;Liber0lis P0rt;Liber0ln0 Strana;Liber0lis P0rt;Liberale Partij;Partido Liberal;;Liberaalipuolue;
CCW_reactionary;National Party;Parti National;Nationale Partei;Partia Narodowa;Partido Nacional;Partito Nazionale;Nemzeti P0rt;N0rodn0 Strana;Nemzeti P0rt;Nationale Partij;Partido Nacional;;Kansallispuolue;
CCW_socialist;Socialist Party;Parti Socialiste;Sozialistische Partei;Partia Socjalistyczna;Partido Socialista;Partito Socialista;Szocialista P0rt;Socialistick0 Strana;Szocialista P0rt;Socialistische Partij;Partido Socialista;;Sosialistinenpuolue;
CDL;Dali;Dali;Dali;Dali;Dali;Dali;Dali;Dali;Dali;Dali;Dali;Dali;Dali;
CDL_ADJ;Dali;Dali;Dalisch;Dali;dalí;Dali;Dali;Dali;Dali;Dali;Dali;Dali;Dali;
CDL_radical;Radical Party;Parti Radical;Radikale Partei;Partia Radykalna;Partido Radical;Partito Radicale;Radik0lis P0rt;Radik0ln0 Strana;Radik0lis P0rt;Radicale Partij;Partido Radical;;Radikaalipuolue;
CDL_communist;Communist Party;Parti Communiste;Kommunistische Partei;Partia Komunistyczna;Partido Comunista;Partito Comunista;Kommunista P0rt;Komunistick0 Strana;Kommunista P0rt;Communistische Partij;Partido Comunista;;Kommunistinenpuolue;
CDL_conservative;Conservative Party;Parti Conservateur;Konservative Partei;Partia Konserwatywna;Partido Conservador;Partito Conservatore;Konzervat0v P0rt;Konzervativn0 Strana;Konzervat0v P0rt;Conservatieve Partij;Partido Conservador;;Konservatiivipuolue;
CDL_fascist;Fascist Party;Parti Fasciste;Faschistische Partei;Partia Faszystowska;Partido Fascista;Partito Fascista;Fasiszta P0rt;Fa0istick0 Strana;Fasiszta P0rt;Fascistische Partij;Partido Fascista;;Fasistinenpuolue;
CDL_liberal;Liberal Party;Parti Lib0ral;Liberale Partei;Partia Liberalna;Partido Liberal;Partito Liberale;Liber0lis P0rt;Liber0ln0 Strana;Liber0lis P0rt;Liberale Partij;Partido Liberal;;Liberaalipuolue;
CDL_reactionary;National Party;Parti National;Nationale Partei;Partia Narodowa;Partido Nacional;Partito Nazionale;Nemzeti P0rt;N0rodn0 Strana;Nemzeti P0rt;Nationale Partij;Partido Nacional;;Kansallispuolue;
CDL_socialist;Socialist Party;Parti Socialiste;Sozialistische Partei;Partia Socjalistyczna;Partido Socialista;Partito Socialista;Szocialista P0rt;Socialistick0 Strana;Szocialista P0rt;Socialistische Partij;Partido Socialista;;Sosialistinenpuolue;
CDR;Chanda;Chandrapûr;Chanda;Chanda;Chanda;Chanda;Chanda;Chanda;Chanda;Chanda;Chanda;Chanda;Chanda;
CDR_ADJ;Chandi;chandrapûri;Chandisch;Chandi;chandí;Chandi;Chandi;Chandi;Chandi;Chandi;Chandi;Chandi;Chandi;
CDR_radical;Radical Party;Parti Radical;Radikale Partei;Partia Radykalna;Partido Radical;Partito Radicale;Radik0lis P0rt;Radik0ln0 Strana;Radik0lis P0rt;Radicale Partij;Partido Radical;;Radikaalipuolue;
CDR_communist;Communist Party;Parti Communiste;Kommunistische Partei;Partia Komunistyczna;Partido Comunista;Partito Comunista;Kommunista P0rt;Komunistick0 Strana;Kommunista P0rt;Communistische Partij;Partido Comunista;;Kommunistinenpuolue;
CDR_conservative;Conservative Party;Parti Conservateur;Konservative Partei;Partia Konserwatywna;Partido Conservador;Partito Conservatore;Konzervat0v P0rt;Konzervativn0 Strana;Konzervat0v P0rt;Conservatieve Partij;Partido Conservador;;Konservatiivipuolue;
CDR_fascist;Fascist Party;Parti Fasciste;Faschistische Partei;Partia Faszystowska;Partido Fascista;Partito Fascista;Fasiszta P0rt;Fa0istick0 Strana;Fasiszta P0rt;Fascistische Partij;Partido Fascista;;Fasistinenpuolue;
CDR_liberal;Liberal Party;Parti Lib0ral;Liberale Partei;Partia Liberalna;Partido Liberal;Partito Liberale;Liber0lis P0rt;Liber0ln0 Strana;Liber0lis P0rt;Liberale Partij;Partido Liberal;;Liberaalipuolue;
CDR_reactionary;National Party;Parti National;Nationale Partei;Partia Narodowa;Partido Nacional;Partito Nazionale;Nemzeti P0rt;N0rodn0 Strana;Nemzeti P0rt;Nationale Partij;Partido Nacional;;Kansallispuolue;
CDR_socialist;Socialist Party;Parti Socialiste;Sozialistische Partei;Partia Socjalistyczna;Partido Socialista;Partito Socialista;Szocialista P0rt;Socialistick0 Strana;Szocialista P0rt;Socialistische Partij;Partido Socialista;;Sosialistinenpuolue;
CEB;Cebu;Cebu;Cebu;Cebu;Cebú;Cebu;Cebu;Cebu;Cebu;Cebu;Cebu;Cebu;Cebu;
CEB_ADJ;Cebuan;cébouana;Cebuanisch;Cebuan;cebuano;Cebuan;Cebuan;Cebuan;Cebuan;Cebuan;Cebuan;Cebuan;Cebuan;
CEB_radical;Radical Party;Parti Radical;Radikale Partei;Partia Radykalna;Partido Radical;Partito Radicale;Radik0lis P0rt;Radik0ln0 Strana;Radik0lis P0rt;Radicale Partij;Partido Radical;;Radikaalipuolue;
CEB_communist;Communist Party;Parti Communiste;Kommunistische Partei;Partia Komunistyczna;Partido Comunista;Partito Comunista;Kommunista P0rt;Komunistick0 Strana;Kommunista P0rt;Communistische Partij;Partido Comunista;;Kommunistinenpuolue;
CEB_conservative;Conservative Party;Parti Conservateur;Konservative Partei;Partia Konserwatywna;Partido Conservador;Partito Conservatore;Konzervat0v P0rt;Konzervativn0 Strana;Konzervat0v P0rt;Conservatieve Partij;Partido Conservador;;Konservatiivipuolue;
CEB_fascist;Fascist Party;Parti Fasciste;Faschistische Partei;Partia Faszystowska;Partido Fascista;Partito Fascista;Fasiszta P0rt;Fa0istick0 Strana;Fasiszta P0rt;Fascistische Partij;Partido Fascista;;Fasistinenpuolue;
CEB_liberal;Liberal Party;Parti Lib0ral;Liberale Partei;Partia Liberalna;Partido Liberal;Partito Liberale;Liber0lis P0rt;Liber0ln0 Strana;Liber0lis P0rt;Liberale Partij;Partido Liberal;;Liberaalipuolue;
CEB_reactionary;National Party;Parti National;Nationale Partei;Partia Narodowa;Partido Nacional;Partito Nazionale;Nemzeti P0rt;N0rodn0 Strana;Nemzeti P0rt;Nationale Partij;Partido Nacional;;Kansallispuolue;
CEB_socialist;Socialist Party;Parti Socialiste;Sozialistische Partei;Partia Socjalistyczna;Partido Socialista;Partito Socialista;Szocialista P0rt;Socialistick0 Strana;Szocialista P0rt;Socialistische Partij;Partido Socialista;;Sosialistinenpuolue;
CHC;Chu;Chu;Chu;Chu;Chu;Chu;Chu;Chu;Chu;Chu;Chu;Chu;Chu;
CHC_ADJ;Chu;Chu;Chuisch;Chu;chu;Chu;Chu;Chu;Chu;Chu;Chu;Chu;Chu;
CHC_radical;Radical Party;Parti Radical;Radikale Partei;Partia Radykalna;Partido Radical;Partito Radicale;Radik0lis P0rt;Radik0ln0 Strana;Radik0lis P0rt;Radicale Partij;Partido Radical;;Radikaalipuolue;
CHC_communist;Communist Party;Parti Communiste;Kommunistische Partei;Partia Komunistyczna;Partido Comunista;Partito Comunista;Kommunista P0rt;Komunistick0 Strana;Kommunista P0rt;Communistische Partij;Partido Comunista;;Kommunistinenpuolue;
CHC_conservative;Conservative Party;Parti Conservateur;Konservative Partei;Partia Konserwatywna;Partido Conservador;Partito Conservatore;Konzervat0v P0rt;Konzervativn0 Strana;Konzervat0v P0rt;Conservatieve Partij;Partido Conservador;;Konservatiivipuolue;
CHC_fascist;Fascist Party;Parti Fasciste;Faschistische Partei;Partia Faszystowska;Partido Fascista;Partito Fascista;Fasiszta P0rt;Fa0istick0 Strana;Fasiszta P0rt;Fascistische Partij;Partido Fascista;;Fasistinenpuolue;
CHC_liberal;Liberal Party;Parti Lib0ral;Liberale Partei;Partia Liberalna;Partido Liberal;Partito Liberale;Liber0lis P0rt;Liber0ln0 Strana;Liber0lis P0rt;Liberale Partij;Partido Liberal;;Liberaalipuolue;
CHC_reactionary;National Party;Parti National;Nationale Partei;Partia Narodowa;Partido Nacional;Partito Nazionale;Nemzeti P0rt;N0rodn0 Strana;Nemzeti P0rt;Nationale Partij;Partido Nacional;;Kansallispuolue;
CHC_socialist;Socialist Party;Parti Socialiste;Sozialistische Partei;Partia Socjalistyczna;Partido Socialista;Partito Socialista;Szocialista P0rt;Socialistick0 Strana;Szocialista P0rt;Socialistische Partij;Partido Socialista;;Sosialistinenpuolue;
CHN_radical;Radical Party;Parti Radical;Radikale Partei;Partia Radykalna;Partido Radical;Partito Radicale;Radik0lis P0rt;Radik0ln0 Strana;Radik0lis P0rt;Radicale Partij;Partido Radical;;Radikaalipuolue;
CHN_communist;Communist Party;Parti Communiste;Kommunistische Partei;Partia Komunistyczna;Partido Comunista;Partito Comunista;Kommunista P0rt;Komunistick0 Strana;Kommunista P0rt;Communistische Partij;Partido Comunista;;Kommunistinenpuolue;
CHN_conservative;Conservative Party;Parti Conservateur;Konservative Partei;Partia Konserwatywna;Partido Conservador;Partito Conservatore;Konzervat0v P0rt;Konzervativn0 Strana;Konzervat0v P0rt;Conservatieve Partij;Partido Conservador;;Konservatiivipuolue;
CHN_fascist;Fascist Party;Parti Fasciste;Faschistische Partei;Partia Faszystowska;Partido Fascista;Partito Fascista;Fasiszta P0rt;Fa0istick0 Strana;Fasiszta P0rt;Fascistische Partij;Partido Fascista;;Fasistinenpuolue;
CHN_liberal;Liberal Party;Parti Lib0ral;Liberale Partei;Partia Liberalna;Partido Liberal;Partito Liberale;Liber0lis P0rt;Liber0ln0 Strana;Liber0lis P0rt;Liberale Partij;Partido Liberal;;Liberaalipuolue;
CHN_reactionary;National Party;Parti National;Nationale Partei;Partia Narodowa;Partido Nacional;Partito Nazionale;Nemzeti P0rt;N0rodn0 Strana;Nemzeti P0rt;Nationale Partij;Partido Nacional;;Kansallispuolue;
CHN_socialist;Socialist Party;Parti Socialiste;Sozialistische Partei;Partia Socjalistyczna;Partido Socialista;Partito Socialista;Szocialista P0rt;Socialistick0 Strana;Szocialista P0rt;Socialistische Partij;Partido Socialista;;Sosialistinenpuolue;
CHR;Chilean Revolt;;;;;;;;;;;;;
CHR_ADJ;Chilean;;;;;;;;;;;;;
CHR_radical;Radical Party;Parti Radical;Radikale Partei;Partia Radykalna;Partido Radical;Partito Radicale;Radik0lis P0rt;Radik0ln0 Strana;Radik0lis P0rt;Radicale Partij;Partido Radical;;Radikaalipuolue;
CHR_communist;Communist Party;Parti Communiste;Kommunistische Partei;Partia Komunistyczna;Partido Comunista;Partito Comunista;Kommunista P0rt;Komunistick0 Strana;Kommunista P0rt;Communistische Partij;Partido Comunista;;Kommunistinenpuolue;
CHR_conservative;Conservative Party;Parti Conservateur;Konservative Partei;Partia Konserwatywna;Partido Conservador;Partito Conservatore;Konzervat0v P0rt;Konzervativn0 Strana;Konzervat0v P0rt;Conservatieve Partij;Partido Conservador;;Konservatiivipuolue;
CHR_fascist;Fascist Party;Parti Fasciste;Faschistische Partei;Partia Faszystowska;Partido Fascista;Partito Fascista;Fasiszta P0rt;Fa0istick0 Strana;Fasiszta P0rt;Fascistische Partij;Partido Fascista;;Fasistinenpuolue;
CHR_liberal;Liberal Party;Parti Lib0ral;Liberale Partei;Partia Liberalna;Partido Liberal;Partito Liberale;Liber0lis P0rt;Liber0ln0 Strana;Liber0lis P0rt;Liberale Partij;Partido Liberal;;Liberaalipuolue;
CHR_reactionary;National Party;Parti National;Nationale Partei;Partia Narodowa;Partido Nacional;Partito Nazionale;Nemzeti P0rt;N0rodn0 Strana;Nemzeti P0rt;Nationale Partij;Partido Nacional;;Kansallispuolue;
CHR_socialist;Socialist Party;Parti Socialiste;Sozialistische Partei;Partia Socjalistyczna;Partido Socialista;Partito Socialista;Szocialista P0rt;Socialistick0 Strana;Szocialista P0rt;Socialistische Partij;Partido Socialista;;Sosialistinenpuolue;
CHT;Chorti;Chortis;Chorti;Chorti;Chorti;Chorti;Chorti;Chorti;Chorti;Chorti;Chorti;Chorti;Chorti;
CHT_ADJ;Chorti;chortie;Chortisch;Chorti;chorti;Chorti;Chorti;Chorti;Chorti;Chorti;Chorti;Chorti;Chorti;
CHT_radical;Radical Party;Parti Radical;Radikale Partei;Partia Radykalna;Partido Radical;Partito Radicale;Radik0lis P0rt;Radik0ln0 Strana;Radik0lis P0rt;Radicale Partij;Partido Radical;;Radikaalipuolue;
CHT_communist;Communist Party;Parti Communiste;Kommunistische Partei;Partia Komunistyczna;Partido Comunista;Partito Comunista;Kommunista P0rt;Komunistick0 Strana;Kommunista P0rt;Communistische Partij;Partido Comunista;;Kommunistinenpuolue;
CHT_conservative;Conservative Party;Parti Conservateur;Konservative Partei;Partia Konserwatywna;Partido Conservador;Partito Conservatore;Konzervat0v P0rt;Konzervativn0 Strana;Konzervat0v P0rt;Conservatieve Partij;Partido Conservador;;Konservatiivipuolue;
CHT_fascist;Fascist Party;Parti Fasciste;Faschistische Partei;Partia Faszystowska;Partido Fascista;Partito Fascista;Fasiszta P0rt;Fa0istick0 Strana;Fasiszta P0rt;Fascistische Partij;Partido Fascista;;Fasistinenpuolue;
CHT_liberal;Liberal Party;Parti Lib0ral;Liberale Partei;Partia Liberalna;Partido Liberal;Partito Liberale;Liber0lis P0rt;Liber0ln0 Strana;Liber0lis P0rt;Liberale Partij;Partido Liberal;;Liberaalipuolue;
CHT_reactionary;National Party;Parti National;Nationale Partei;Partia Narodowa;Partido Nacional;Partito Nazionale;Nemzeti P0rt;N0rodn0 Strana;Nemzeti P0rt;Nationale Partij;Partido Nacional;;Kansallispuolue;
CHT_socialist;Socialist Party;Parti Socialiste;Sozialistische Partei;Partia Socjalistyczna;Partido Socialista;Partito Socialista;Szocialista P0rt;Socialistick0 Strana;Szocialista P0rt;Socialistische Partij;Partido Socialista;;Sosialistinenpuolue;
CHU;Chukchi;Tchouktches;Tschuktschen;Chukchi;Chukchi;Chukchi;Chukchi;Chukchi;Chukchi;Chukchi;Chukchi;Chukchi;Chukchi;
CHU_ADJ;Chukchian;tchouktche;Tschuktschisch;Chukchian;chucotos;Chukchian;Chukchian;Chukchian;Chukchian;Chukchian;Chukchian;Chukchian;Chukchian;
CHU_radical;Radical Party;Parti Radical;Radikale Partei;Partia Radykalna;Partido Radical;Partito Radicale;Radik0lis P0rt;Radik0ln0 Strana;Radik0lis P0rt;Radicale Partij;Partido Radical;;Radikaalipuolue;
CHU_communist;Communist Party;Parti Communiste;Kommunistische Partei;Partia Komunistyczna;Partido Comunista;Partito Comunista;Kommunista P0rt;Komunistick0 Strana;Kommunista P0rt;Communistische Partij;Partido Comunista;;Kommunistinenpuolue;
CHU_conservative;Conservative Party;Parti Conservateur;Konservative Partei;Partia Konserwatywna;Partido Conservador;Partito Conservatore;Konzervat0v P0rt;Konzervativn0 Strana;Konzervat0v P0rt;Conservatieve Partij;Partido Conservador;;Konservatiivipuolue;
CHU_fascist;Fascist Party;Parti Fasciste;Faschistische Partei;Partia Faszystowska;Partido Fascista;Partito Fascista;Fasiszta P0rt;Fa0istick0 Strana;Fasiszta P0rt;Fascistische Partij;Partido Fascista;;Fasistinenpuolue;
CHU_liberal;Liberal Party;Parti Lib0ral;Liberale Partei;Partia Liberalna;Partido Liberal;Partito Liberale;Liber0lis P0rt;Liber0ln0 Strana;Liber0lis P0rt;Liberale Partij;Partido Liberal;;Liberaalipuolue;
CHU_reactionary;National Party;Parti National;Nationale Partei;Partia Narodowa;Partido Nacional;Partito Nazionale;Nemzeti P0rt;N0rodn0 Strana;Nemzeti P0rt;Nationale Partij;Partido Nacional;;Kansallispuolue;
CHU_socialist;Socialist Party;Parti Socialiste;Sozialistische Partei;Partia Socjalistyczna;Partido Socialista;Partito Socialista;Szocialista P0rt;Socialistick0 Strana;Szocialista P0rt;Socialistische Partij;Partido Socialista;;Sosialistinenpuolue;
CHV;Chavchuveny;Tchavtchouvènes;Tschawtschuwenien;Chavchuveny;Chavchuveny;Chavchuveny;Chavchuveny;Chavchuveny;Chavchuveny;Chavchuveny;Chavchuveny;Chavchuveny;Chavchuveny;
CHV_ADJ;Chavchuvenian;tchavtchouvène;Tschawtschuwenisch;Chavchuvenian;chavchuvenio;Chavchuvenian;Chavchuvenian;Chavchuvenian;Chavchuvenian;Chavchuvenian;Chavchuvenian;Chavchuvenian;Chavchuvenian;
CHV_radical;Radical Party;Parti Radical;Radikale Partei;Partia Radykalna;Partido Radical;Partito Radicale;Radik0lis P0rt;Radik0ln0 Strana;Radik0lis P0rt;Radicale Partij;Partido Radical;;Radikaalipuolue;
CHV_communist;Communist Party;Parti Communiste;Kommunistische Partei;Partia Komunistyczna;Partido Comunista;Partito Comunista;Kommunista P0rt;Komunistick0 Strana;Kommunista P0rt;Communistische Partij;Partido Comunista;;Kommunistinenpuolue;
CHV_conservative;Conservative Party;Parti Conservateur;Konservative Partei;Partia Konserwatywna;Partido Conservador;Partito Conservatore;Konzervat0v P0rt;Konzervativn0 Strana;Konzervat0v P0rt;Conservatieve Partij;Partido Conservador;;Konservatiivipuolue;
CHV_fascist;Fascist Party;Parti Fasciste;Faschistische Partei;Partia Faszystowska;Partido Fascista;Partito Fascista;Fasiszta P0rt;Fa0istick0 Strana;Fasiszta P0rt;Fascistische Partij;Partido Fascista;;Fasistinenpuolue;
CHV_liberal;Liberal Party;Parti Lib0ral;Liberale Partei;Partia Liberalna;Partido Liberal;Partito Liberale;Liber0lis P0rt;Liber0ln0 Strana;Liber0lis P0rt;Liberale Partij;Partido Liberal;;Liberaalipuolue;
CHV_reactionary;National Party;Parti National;Nationale Partei;Partia Narodowa;Partido Nacional;Partito Nazionale;Nemzeti P0rt;N0rodn0 Strana;Nemzeti P0rt;Nationale Partij;Partido Nacional;;Kansallispuolue;
CHV_socialist;Socialist Party;Parti Socialiste;Sozialistische Partei;Partia Socjalistyczna;Partido Socialista;Partito Socialista;Szocialista P0rt;Socialistick0 Strana;Szocialista P0rt;Socialistische Partij;Partido Socialista;;Sosialistinenpuolue;
CJA;Cajamarca;Cajamarca;Cajamarca;Cajamarca;Cajamarca;Cajamarca;Cajamarca;Cajamarca;Cajamarca;Cajamarca;Cajamarca;Cajamarca;Cajamarca;
CJA_ADJ;Cajamarcan;cajamarquine;Cajamarcanisch;Cajamarcan;cajamarquino;Cajamarcan;Cajamarcan;Cajamarcan;Cajamarcan;Cajamarcan;Cajamarcan;Cajamarcan;Cajamarcan;
CJA_radical;Radical Party;Parti Radical;Radikale Partei;Partia Radykalna;Partido Radical;Partito Radicale;Radik0lis P0rt;Radik0ln0 Strana;Radik0lis P0rt;Radicale Partij;Partido Radical;;Radikaalipuolue;
CJA_communist;Communist Party;Parti Communiste;Kommunistische Partei;Partia Komunistyczna;Partido Comunista;Partito Comunista;Kommunista P0rt;Komunistick0 Strana;Kommunista P0rt;Communistische Partij;Partido Comunista;;Kommunistinenpuolue;
CJA_conservative;Conservative Party;Parti Conservateur;Konservative Partei;Partia Konserwatywna;Partido Conservador;Partito Conservatore;Konzervat0v P0rt;Konzervativn0 Strana;Konzervat0v P0rt;Conservatieve Partij;Partido Conservador;;Konservatiivipuolue;
CJA_fascist;Fascist Party;Parti Fasciste;Faschistische Partei;Partia Faszystowska;Partido Fascista;Partito Fascista;Fasiszta P0rt;Fa0istick0 Strana;Fasiszta P0rt;Fascistische Partij;Partido Fascista;;Fasistinenpuolue;
CJA_liberal;Liberal Party;Parti Lib0ral;Liberale Partei;Partia Liberalna;Partido Liberal;Partito Liberale;Liber0lis P0rt;Liber0ln0 Strana;Liber0lis P0rt;Liberale Partij;Partido Liberal;;Liberaalipuolue;
CJA_reactionary;National Party;Parti National;Nationale Partei;Partia Narodowa;Partido Nacional;Partito Nazionale;Nemzeti P0rt;N0rodn0 Strana;Nemzeti P0rt;Nationale Partij;Partido Nacional;;Kansallispuolue;
CJA_socialist;Socialist Party;Parti Socialiste;Sozialistische Partei;Partia Socjalistyczna;Partido Socialista;Partito Socialista;Szocialista P0rt;Socialistick0 Strana;Szocialista P0rt;Socialistische Partij;Partido Socialista;;Sosialistinenpuolue;
CMA;Colima;Colima;Colima;Colima;Colima;Colima;Colima;Colima;Colima;Colima;Colima;Colima;Colima;
CMA_ADJ;Colima;colimienne;Colimanisch;Colima;colima;Colima;Colima;Colima;Colima;Colima;Colima;Colima;Colima;
CMA_radical;Radical Party;Parti Radical;Radikale Partei;Partia Radykalna;Partido Radical;Partito Radicale;Radik0lis P0rt;Radik0ln0 Strana;Radik0lis P0rt;Radicale Partij;Partido Radical;;Radikaalipuolue;
CMA_communist;Communist Party;Parti Communiste;Kommunistische Partei;Partia Komunistyczna;Partido Comunista;Partito Comunista;Kommunista P0rt;Komunistick0 Strana;Kommunista P0rt;Communistische Partij;Partido Comunista;;Kommunistinenpuolue;
CMA_conservative;Conservative Party;Parti Conservateur;Konservative Partei;Partia Konserwatywna;Partido Conservador;Partito Conservatore;Konzervat0v P0rt;Konzervativn0 Strana;Konzervat0v P0rt;Conservatieve Partij;Partido Conservador;;Konservatiivipuolue;
CMA_fascist;Fascist Party;Parti Fasciste;Faschistische Partei;Partia Faszystowska;Partido Fascista;Partito Fascista;Fasiszta P0rt;Fa0istick0 Strana;Fasiszta P0rt;Fascistische Partij;Partido Fascista;;Fasistinenpuolue;
CMA_liberal;Liberal Party;Parti Lib0ral;Liberale Partei;Partia Liberalna;Partido Liberal;Partito Liberale;Liber0lis P0rt;Liber0ln0 Strana;Liber0lis P0rt;Liberale Partij;Partido Liberal;;Liberaalipuolue;
CMA_reactionary;National Party;Parti National;Nationale Partei;Partia Narodowa;Partido Nacional;Partito Nazionale;Nemzeti P0rt;N0rodn0 Strana;Nemzeti P0rt;Nationale Partij;Partido Nacional;;Kansallispuolue;
CMA_socialist;Socialist Party;Parti Socialiste;Sozialistische Partei;Partia Socjalistyczna;Partido Socialista;Partito Socialista;Szocialista P0rt;Socialistick0 Strana;Szocialista P0rt;Socialistische Partij;Partido Socialista;;Sosialistinenpuolue;
CMI;Miao;Miao;Miao;Miao;Miao;Miao;Miao;Miao;Miao;Miao;Miao;Miao;Miao;
CMI_ADJ;Miao;miao;Miaoisch;Miao;miao;Miao;Miao;Miao;Miao;Miao;Miao;Miao;Miao;
CMI_radical;Radical Party;Parti Radical;Radikale Partei;Partia Radykalna;Partido Radical;Partito Radicale;Radik0lis P0rt;Radik0ln0 Strana;Radik0lis P0rt;Radicale Partij;Partido Radical;;Radikaalipuolue;
CMI_communist;Communist Party;Parti Communiste;Kommunistische Partei;Partia Komunistyczna;Partido Comunista;Partito Comunista;Kommunista P0rt;Komunistick0 Strana;Kommunista P0rt;Communistische Partij;Partido Comunista;;Kommunistinenpuolue;
CMI_conservative;Conservative Party;Parti Conservateur;Konservative Partei;Partia Konserwatywna;Partido Conservador;Partito Conservatore;Konzervat0v P0rt;Konzervativn0 Strana;Konzervat0v P0rt;Conservatieve Partij;Partido Conservador;;Konservatiivipuolue;
CMI_fascist;Fascist Party;Parti Fasciste;Faschistische Partei;Partia Faszystowska;Partido Fascista;Partito Fascista;Fasiszta P0rt;Fa0istick0 Strana;Fasiszta P0rt;Fascistische Partij;Partido Fascista;;Fasistinenpuolue;
CMI_liberal;Liberal Party;Parti Lib0ral;Liberale Partei;Partia Liberalna;Partido Liberal;Partito Liberale;Liber0lis P0rt;Liber0ln0 Strana;Liber0lis P0rt;Liberale Partij;Partido Liberal;;Liberaalipuolue;
CMI_reactionary;National Party;Parti National;Nationale Partei;Partia Narodowa;Partido Nacional;Partito Nazionale;Nemzeti P0rt;N0rodn0 Strana;Nemzeti P0rt;Nationale Partij;Partido Nacional;;Kansallispuolue;
CMI_socialist;Socialist Party;Parti Socialiste;Sozialistische Partei;Partia Socjalistyczna;Partido Socialista;Partito Socialista;Szocialista P0rt;Socialistick0 Strana;Szocialista P0rt;Socialistische Partij;Partido Socialista;;Sosialistinenpuolue;
CMP;Rewa Kantha;Rewa Kantha;Rewa Kantha;RewaKantha;Rewa Kantha;RewaKantha;RewaKantha;RewaKantha;RewaKantha;RewaKantha;RewaKantha;RewaKantha;RewaKantha;
CMP_ADJ;Rewa Kanthi;rewakanthi;Rewa-Kanthisch;Rewa Kanthi;rewakanthí;Rewa Kanthi;Rewa Kanthi;Rewa Kanthi;Rewa Kanthi;Rewa Kanthi;Rewa Kanthi;Rewa Kanthi;Rewa Kanthi;
CMP_radical;Radical Party;Parti Radical;Radikale Partei;Partia Radykalna;Partido Radical;Partito Radicale;Radik0lis P0rt;Radik0ln0 Strana;Radik0lis P0rt;Radicale Partij;Partido Radical;;Radikaalipuolue;
CMP_communist;Communist Party;Parti Communiste;Kommunistische Partei;Partia Komunistyczna;Partido Comunista;Partito Comunista;Kommunista P0rt;Komunistick0 Strana;Kommunista P0rt;Communistische Partij;Partido Comunista;;Kommunistinenpuolue;
CMP_conservative;Conservative Party;Parti Conservateur;Konservative Partei;Partia Konserwatywna;Partido Conservador;Partito Conservatore;Konzervat0v P0rt;Konzervativn0 Strana;Konzervat0v P0rt;Conservatieve Partij;Partido Conservador;;Konservatiivipuolue;
CMP_fascist;Fascist Party;Parti Fasciste;Faschistische Partei;Partia Faszystowska;Partido Fascista;Partito Fascista;Fasiszta P0rt;Fa0istick0 Strana;Fasiszta P0rt;Fascistische Partij;Partido Fascista;;Fasistinenpuolue;
CMP_liberal;Liberal Party;Parti Lib0ral;Liberale Partei;Partia Liberalna;Partido Liberal;Partito Liberale;Liber0lis P0rt;Liber0ln0 Strana;Liber0lis P0rt;Liberale Partij;Partido Liberal;;Liberaalipuolue;
CMP_reactionary;National Party;Parti National;Nationale Partei;Partia Narodowa;Partido Nacional;Partito Nazionale;Nemzeti P0rt;N0rodn0 Strana;Nemzeti P0rt;Nationale Partij;Partido Nacional;;Kansallispuolue;
CMP_socialist;Socialist Party;Parti Socialiste;Sozialistische Partei;Partia Socjalistyczna;Partido Socialista;Partito Socialista;Szocialista P0rt;Socialistick0 Strana;Szocialista P0rt;Socialistische Partij;Partido Socialista;;Sosialistinenpuolue;
CNK;Chinook;Chinooks;Chinook;Chinook;Chinooks;Chinook;Chinook;Chinook;Chinook;Chinook;Chinook;Chinook;Chinook;
CNK_ADJ;Chinookan;chinook;Chinookanisch;Chinookan;chinook;Chinookan;Chinookan;Chinookan;Chinookan;Chinookan;Chinookan;Chinookan;Chinookan;
CNK_radical;Radical Party;Parti Radical;Radikale Partei;Partia Radykalna;Partido Radical;Partito Radicale;Radik0lis P0rt;Radik0ln0 Strana;Radik0lis P0rt;Radicale Partij;Partido Radical;;Radikaalipuolue;
CNK_communist;Communist Party;Parti Communiste;Kommunistische Partei;Partia Komunistyczna;Partido Comunista;Partito Comunista;Kommunista P0rt;Komunistick0 Strana;Kommunista P0rt;Communistische Partij;Partido Comunista;;Kommunistinenpuolue;
CNK_conservative;Conservative Party;Parti Conservateur;Konservative Partei;Partia Konserwatywna;Partido Conservador;Partito Conservatore;Konzervat0v P0rt;Konzervativn0 Strana;Konzervat0v P0rt;Conservatieve Partij;Partido Conservador;;Konservatiivipuolue;
CNK_fascist;Fascist Party;Parti Fasciste;Faschistische Partei;Partia Faszystowska;Partido Fascista;Partito Fascista;Fasiszta P0rt;Fa0istick0 Strana;Fasiszta P0rt;Fascistische Partij;Partido Fascista;;Fasistinenpuolue;
CNK_liberal;Liberal Party;Parti Lib0ral;Liberale Partei;Partia Liberalna;Partido Liberal;Partito Liberale;Liber0lis P0rt;Liber0ln0 Strana;Liber0lis P0rt;Liberale Partij;Partido Liberal;;Liberaalipuolue;
CNK_reactionary;National Party;Parti National;Nationale Partei;Partia Narodowa;Partido Nacional;Partito Nazionale;Nemzeti P0rt;N0rodn0 Strana;Nemzeti P0rt;Nationale Partij;Partido Nacional;;Kansallispuolue;
CNK_socialist;Socialist Party;Parti Socialiste;Sozialistische Partei;Partia Socjalistyczna;Partido Socialista;Partito Socialista;Szocialista P0rt;Socialistick0 Strana;Szocialista P0rt;Socialistische Partij;Partido Socialista;;Sosialistinenpuolue;
CNP;Can Pech;Can Pech;Can Pech;Can Pech;Can Pech;Can Pech;Can Pech;Can Pech;Can Pech;Can Pech;Can Pech;Can Pech;Can Pech;
CNP_ADJ;Can Pech;canpeche;Pechisch;Can Pech;campeche;Can Pech;Can Pech;Can Pech;Can Pech;Can Pech;Can Pech;Can Pech;Can Pech;
CNP_radical;Radical Party;Parti Radical;Radikale Partei;Partia Radykalna;Partido Radical;Partito Radicale;Radik0lis P0rt;Radik0ln0 Strana;Radik0lis P0rt;Radicale Partij;Partido Radical;;Radikaalipuolue;
CNP_communist;Communist Party;Parti Communiste;Kommunistische Partei;Partia Komunistyczna;Partido Comunista;Partito Comunista;Kommunista P0rt;Komunistick0 Strana;Kommunista P0rt;Communistische Partij;Partido Comunista;;Kommunistinenpuolue;
CNP_conservative;Conservative Party;Parti Conservateur;Konservative Partei;Partia Konserwatywna;Partido Conservador;Partito Conservatore;Konzervat0v P0rt;Konzervativn0 Strana;Konzervat0v P0rt;Conservatieve Partij;Partido Conservador;;Konservatiivipuolue;
CNP_fascist;Fascist Party;Parti Fasciste;Faschistische Partei;Partia Faszystowska;Partido Fascista;Partito Fascista;Fasiszta P0rt;Fa0istick0 Strana;Fasiszta P0rt;Fascistische Partij;Partido Fascista;;Fasistinenpuolue;
CNP_liberal;Liberal Party;Parti Lib0ral;Liberale Partei;Partia Liberalna;Partido Liberal;Partito Liberale;Liber0lis P0rt;Liber0ln0 Strana;Liber0lis P0rt;Liberale Partij;Partido Liberal;;Liberaalipuolue;
CNP_reactionary;National Party;Parti National;Nationale Partei;Partia Narodowa;Partido Nacional;Partito Nazionale;Nemzeti P0rt;N0rodn0 Strana;Nemzeti P0rt;Nationale Partij;Partido Nacional;;Kansallispuolue;
CNP_socialist;Socialist Party;Parti Socialiste;Sozialistische Partei;Partia Socjalistyczna;Partido Socialista;Partito Socialista;Szocialista P0rt;Socialistick0 Strana;Szocialista P0rt;Socialistische Partij;Partido Socialista;;Sosialistinenpuolue;
COM_radical;Radical Party;Parti Radical;Radikale Partei;Partia Radykalna;Partido Radical;Partito Radicale;Radik0lis P0rt;Radik0ln0 Strana;Radik0lis P0rt;Radicale Partij;Partido Radical;;Radikaalipuolue;
COM_communist;Communist Party;Parti Communiste;Kommunistische Partei;Partia Komunistyczna;Partido Comunista;Partito Comunista;Kommunista P0rt;Komunistick0 Strana;Kommunista P0rt;Communistische Partij;Partido Comunista;;Kommunistinenpuolue;
COM_conservative;Conservative Party;Parti Conservateur;Konservative Partei;Partia Konserwatywna;Partido Conservador;Partito Conservatore;Konzervat0v P0rt;Konzervativn0 Strana;Konzervat0v P0rt;Conservatieve Partij;Partido Conservador;;Konservatiivipuolue;
COM_fascist;Fascist Party;Parti Fasciste;Faschistische Partei;Partia Faszystowska;Partido Fascista;Partito Fascista;Fasiszta P0rt;Fa0istick0 Strana;Fasiszta P0rt;Fascistische Partij;Partido Fascista;;Fasistinenpuolue;
COM_liberal;Liberal Party;Parti Lib0ral;Liberale Partei;Partia Liberalna;Partido Liberal;Partito Liberale;Liber0lis P0rt;Liber0ln0 Strana;Liber0lis P0rt;Liberale Partij;Partido Liberal;;Liberaalipuolue;
COM_reactionary;National Party;Parti National;Nationale Partei;Partia Narodowa;Partido Nacional;Partito Nazionale;Nemzeti P0rt;N0rodn0 Strana;Nemzeti P0rt;Nationale Partij;Partido Nacional;;Kansallispuolue;
COM_socialist;Socialist Party;Parti Socialiste;Sozialistische Partei;Partia Socjalistyczna;Partido Socialista;Partito Socialista;Szocialista P0rt;Socialistick0 Strana;Szocialista P0rt;Socialistische Partij;Partido Socialista;;Sosialistinenpuolue;
COY;Colla;Kollas;Qulla;Colla;Colla;Colla;Colla;Colla;Colla;Colla;Colla;Colla;Colla;
COY_ADJ;Collan;kolla;Qullanisch;Collan;colleno;Collan;Collan;Collan;Collan;Collan;Collan;Collan;Collan;
COY_radical;Radical Party;Parti Radical;Radikale Partei;Partia Radykalna;Partido Radical;Partito Radicale;Radik0lis P0rt;Radik0ln0 Strana;Radik0lis P0rt;Radicale Partij;Partido Radical;;Radikaalipuolue;
COY_communist;Communist Party;Parti Communiste;Kommunistische Partei;Partia Komunistyczna;Partido Comunista;Partito Comunista;Kommunista P0rt;Komunistick0 Strana;Kommunista P0rt;Communistische Partij;Partido Comunista;;Kommunistinenpuolue;
COY_conservative;Conservative Party;Parti Conservateur;Konservative Partei;Partia Konserwatywna;Partido Conservador;Partito Conservatore;Konzervat0v P0rt;Konzervativn0 Strana;Konzervat0v P0rt;Conservatieve Partij;Partido Conservador;;Konservatiivipuolue;
COY_fascist;Fascist Party;Parti Fasciste;Faschistische Partei;Partia Faszystowska;Partido Fascista;Partito Fascista;Fasiszta P0rt;Fa0istick0 Strana;Fasiszta P0rt;Fascistische Partij;Partido Fascista;;Fasistinenpuolue;
COY_liberal;Liberal Party;Parti Lib0ral;Liberale Partei;Partia Liberalna;Partido Liberal;Partito Liberale;Liber0lis P0rt;Liber0ln0 Strana;Liber0lis P0rt;Liberale Partij;Partido Liberal;;Liberaalipuolue;
COY_reactionary;National Party;Parti National;Nationale Partei;Partia Narodowa;Partido Nacional;Partito Nazionale;Nemzeti P0rt;N0rodn0 Strana;Nemzeti P0rt;Nationale Partij;Partido Nacional;;Kansallispuolue;
COY_socialist;Socialist Party;Parti Socialiste;Sozialistische Partei;Partia Socjalistyczna;Partido Socialista;Partito Socialista;Szocialista P0rt;Socialistick0 Strana;Szocialista P0rt;Socialistische Partij;Partido Socialista;;Sosialistinenpuolue;
CRA;Charca;Charcas;Charca;Charca;Charca;Charca;Charca;Charca;Charca;Charca;Charca;Charca;Charca;
CRA_ADJ;Charcan;charca;Charcanisch;Charcan;charcano;Charcan;Charcan;Charcan;Charcan;Charcan;Charcan;Charcan;Charcan;
CRA_radical;Radical Party;Parti Radical;Radikale Partei;Partia Radykalna;Partido Radical;Partito Radicale;Radik0lis P0rt;Radik0ln0 Strana;Radik0lis P0rt;Radicale Partij;Partido Radical;;Radikaalipuolue;
CRA_communist;Communist Party;Parti Communiste;Kommunistische Partei;Partia Komunistyczna;Partido Comunista;Partito Comunista;Kommunista P0rt;Komunistick0 Strana;Kommunista P0rt;Communistische Partij;Partido Comunista;;Kommunistinenpuolue;
CRA_conservative;Conservative Party;Parti Conservateur;Konservative Partei;Partia Konserwatywna;Partido Conservador;Partito Conservatore;Konzervat0v P0rt;Konzervativn0 Strana;Konzervat0v P0rt;Conservatieve Partij;Partido Conservador;;Konservatiivipuolue;
CRA_fascist;Fascist Party;Parti Fasciste;Faschistische Partei;Partia Faszystowska;Partido Fascista;Partito Fascista;Fasiszta P0rt;Fa0istick0 Strana;Fasiszta P0rt;Fascistische Partij;Partido Fascista;;Fasistinenpuolue;
CRA_liberal;Liberal Party;Parti Lib0ral;Liberale Partei;Partia Liberalna;Partido Liberal;Partito Liberale;Liber0lis P0rt;Liber0ln0 Strana;Liber0lis P0rt;Liberale Partij;Partido Liberal;;Liberaalipuolue;
CRA_reactionary;National Party;Parti National;Nationale Partei;Partia Narodowa;Partido Nacional;Partito Nazionale;Nemzeti P0rt;N0rodn0 Strana;Nemzeti P0rt;Nationale Partij;Partido Nacional;;Kansallispuolue;
CRA_socialist;Socialist Party;Parti Socialiste;Sozialistische Partei;Partia Socjalistyczna;Partido Socialista;Partito Socialista;Szocialista P0rt;Socialistick0 Strana;Szocialista P0rt;Socialistische Partij;Partido Socialista;;Sosialistinenpuolue;
CSH_radical;Radical Party;Parti Radical;Radikale Partei;Partia Radykalna;Partido Radical;Partito Radicale;Radik0lis P0rt;Radik0ln0 Strana;Radik0lis P0rt;Radicale Partij;Partido Radical;;Radikaalipuolue;
CSH_communist;Communist Party;Parti Communiste;Kommunistische Partei;Partia Komunistyczna;Partido Comunista;Partito Comunista;Kommunista P0rt;Komunistick0 Strana;Kommunista P0rt;Communistische Partij;Partido Comunista;;Kommunistinenpuolue;
CSH_conservative;Conservative Party;Parti Conservateur;Konservative Partei;Partia Konserwatywna;Partido Conservador;Partito Conservatore;Konzervat0v P0rt;Konzervativn0 Strana;Konzervat0v P0rt;Conservatieve Partij;Partido Conservador;;Konservatiivipuolue;
CSH_fascist;Fascist Party;Parti Fasciste;Faschistische Partei;Partia Faszystowska;Partido Fascista;Partito Fascista;Fasiszta P0rt;Fa0istick0 Strana;Fasiszta P0rt;Fascistische Partij;Partido Fascista;;Fasistinenpuolue;
CSH_liberal;Liberal Party;Parti Lib0ral;Liberale Partei;Partia Liberalna;Partido Liberal;Partito Liberale;Liber0lis P0rt;Liber0ln0 Strana;Liber0lis P0rt;Liberale Partij;Partido Liberal;;Liberaalipuolue;
CSH_reactionary;National Party;Parti National;Nationale Partei;Partia Narodowa;Partido Nacional;Partito Nazionale;Nemzeti P0rt;N0rodn0 Strana;Nemzeti P0rt;Nationale Partij;Partido Nacional;;Kansallispuolue;
CSH_socialist;Socialist Party;Parti Socialiste;Sozialistische Partei;Partia Socjalistyczna;Partido Socialista;Partito Socialista;Szocialista P0rt;Socialistick0 Strana;Szocialista P0rt;Socialistische Partij;Partido Socialista;;Sosialistinenpuolue;
CSU;Cusco;Cuzco;Cusco;Cusco;Cuzco;Cusco;Cusco;Cusco;Cusco;Cusco;Cusco;Cusco;Cusco;
CSU_ADJ;Cuscoan;cuzquénienne;Cuscoanisch;Cuscoan;cuzqueño;Cuscoan;Cuscoan;Cuscoan;Cuscoan;Cuscoan;Cuscoan;Cuscoan;Cuscoan;
CSU_radical;Radical Party;Parti Radical;Radikale Partei;Partia Radykalna;Partido Radical;Partito Radicale;Radik0lis P0rt;Radik0ln0 Strana;Radik0lis P0rt;Radicale Partij;Partido Radical;;Radikaalipuolue;
CSU_communist;Communist Party;Parti Communiste;Kommunistische Partei;Partia Komunistyczna;Partido Comunista;Partito Comunista;Kommunista P0rt;Komunistick0 Strana;Kommunista P0rt;Communistische Partij;Partido Comunista;;Kommunistinenpuolue;
CSU_conservative;Conservative Party;Parti Conservateur;Konservative Partei;Partia Konserwatywna;Partido Conservador;Partito Conservatore;Konzervat0v P0rt;Konzervativn0 Strana;Konzervat0v P0rt;Conservatieve Partij;Partido Conservador;;Konservatiivipuolue;
CSU_fascist;Fascist Party;Parti Fasciste;Faschistische Partei;Partia Faszystowska;Partido Fascista;Partito Fascista;Fasiszta P0rt;Fa0istick0 Strana;Fasiszta P0rt;Fascistische Partij;Partido Fascista;;Fasistinenpuolue;
CSU_liberal;Liberal Party;Parti Lib0ral;Liberale Partei;Partia Liberalna;Partido Liberal;Partito Liberale;Liber0lis P0rt;Liber0ln0 Strana;Liber0lis P0rt;Liberale Partij;Partido Liberal;;Liberaalipuolue;
CSU_reactionary;National Party;Parti National;Nationale Partei;Partia Narodowa;Partido Nacional;Partito Nazionale;Nemzeti P0rt;N0rodn0 Strana;Nemzeti P0rt;Nationale Partij;Partido Nacional;;Kansallispuolue;
CSU_socialist;Socialist Party;Parti Socialiste;Sozialistische Partei;Partia Socjalistyczna;Partido Socialista;Partito Socialista;Szocialista P0rt;Socialistick0 Strana;Szocialista P0rt;Socialistische Partij;Partido Socialista;;Sosialistinenpuolue;
CUA;Charrua;Charrúas;Charrua;Charrua;Charrúa;Charrua;Charrua;Charrua;Charrua;Charrua;Charrua;Charrua;Charrua;
CUA_ADJ;Charruan;charruane;Charruanisch;Charruan;charrúa;Charruan;Charruan;Charruan;Charruan;Charruan;Charruan;Charruan;Charruan;
CUA_radical;Radical Party;Parti Radical;Radikale Partei;Partia Radykalna;Partido Radical;Partito Radicale;Radik0lis P0rt;Radik0ln0 Strana;Radik0lis P0rt;Radicale Partij;Partido Radical;;Radikaalipuolue;
CUA_communist;Communist Party;Parti Communiste;Kommunistische Partei;Partia Komunistyczna;Partido Comunista;Partito Comunista;Kommunista P0rt;Komunistick0 Strana;Kommunista P0rt;Communistische Partij;Partido Comunista;;Kommunistinenpuolue;
CUA_conservative;Conservative Party;Parti Conservateur;Konservative Partei;Partia Konserwatywna;Partido Conservador;Partito Conservatore;Konzervat0v P0rt;Konzervativn0 Strana;Konzervat0v P0rt;Conservatieve Partij;Partido Conservador;;Konservatiivipuolue;
CUA_fascist;Fascist Party;Parti Fasciste;Faschistische Partei;Partia Faszystowska;Partido Fascista;Partito Fascista;Fasiszta P0rt;Fa0istick0 Strana;Fasiszta P0rt;Fascistische Partij;Partido Fascista;;Fasistinenpuolue;
CUA_liberal;Liberal Party;Parti Lib0ral;Liberale Partei;Partia Liberalna;Partido Liberal;Partito Liberale;Liber0lis P0rt;Liber0ln0 Strana;Liber0lis P0rt;Liberale Partij;Partido Liberal;;Liberaalipuolue;
CUA_reactionary;National Party;Parti National;Nationale Partei;Partia Narodowa;Partido Nacional;Partito Nazionale;Nemzeti P0rt;N0rodn0 Strana;Nemzeti P0rt;Nationale Partij;Partido Nacional;;Kansallispuolue;
CUA_socialist;Socialist Party;Parti Socialiste;Sozialistische Partei;Partia Socjalistyczna;Partido Socialista;Partito Socialista;Szocialista P0rt;Socialistick0 Strana;Szocialista P0rt;Socialistische Partij;Partido Socialista;;Sosialistinenpuolue;
CWU_radical;Radical Party;Parti Radical;Radikale Partei;Partia Radykalna;Partido Radical;Partito Radicale;Radik0lis P0rt;Radik0ln0 Strana;Radik0lis P0rt;Radicale Partij;Partido Radical;;Radikaalipuolue;
CWU_communist;Communist Party;Parti Communiste;Kommunistische Partei;Partia Komunistyczna;Partido Comunista;Partito Comunista;Kommunista P0rt;Komunistick0 Strana;Kommunista P0rt;Communistische Partij;Partido Comunista;;Kommunistinenpuolue;
CWU_conservative;Conservative Party;Parti Conservateur;Konservative Partei;Partia Konserwatywna;Partido Conservador;Partito Conservatore;Konzervat0v P0rt;Konzervativn0 Strana;Konzervat0v P0rt;Conservatieve Partij;Partido Conservador;;Konservatiivipuolue;
CWU_fascist;Fascist Party;Parti Fasciste;Faschistische Partei;Partia Faszystowska;Partido Fascista;Partito Fascista;Fasiszta P0rt;Fa0istick0 Strana;Fasiszta P0rt;Fascistische Partij;Partido Fascista;;Fasistinenpuolue;
CWU_liberal;Liberal Party;Parti Lib0ral;Liberale Partei;Partia Liberalna;Partido Liberal;Partito Liberale;Liber0lis P0rt;Liber0ln0 Strana;Liber0lis P0rt;Liberale Partij;Partido Liberal;;Liberaalipuolue;
CWU_reactionary;National Party;Parti National;Nationale Partei;Partia Narodowa;Partido Nacional;Partito Nazionale;Nemzeti P0rt;N0rodn0 Strana;Nemzeti P0rt;Nationale Partij;Partido Nacional;;Kansallispuolue;
CWU_socialist;Socialist Party;Parti Socialiste;Sozialistische Partei;Partia Socjalistyczna;Partido Socialista;Partito Socialista;Szocialista P0rt;Socialistick0 Strana;Szocialista P0rt;Socialistische Partij;Partido Socialista;;Sosialistinenpuolue;
CXI_radical;Radical Party;Parti Radical;Radikale Partei;Partia Radykalna;Partido Radical;Partito Radicale;Radik0lis P0rt;Radik0ln0 Strana;Radik0lis P0rt;Radicale Partij;Partido Radical;;Radikaalipuolue;
CXI_communist;Communist Party;Parti Communiste;Kommunistische Partei;Partia Komunistyczna;Partido Comunista;Partito Comunista;Kommunista P0rt;Komunistick0 Strana;Kommunista P0rt;Communistische Partij;Partido Comunista;;Kommunistinenpuolue;
CXI_conservative;Conservative Party;Parti Conservateur;Konservative Partei;Partia Konserwatywna;Partido Conservador;Partito Conservatore;Konzervat0v P0rt;Konzervativn0 Strana;Konzervat0v P0rt;Conservatieve Partij;Partido Conservador;;Konservatiivipuolue;
CXI_fascist;Fascist Party;Parti Fasciste;Faschistische Partei;Partia Faszystowska;Partido Fascista;Partito Fascista;Fasiszta P0rt;Fa0istick0 Strana;Fasiszta P0rt;Fascistische Partij;Partido Fascista;;Fasistinenpuolue;
CXI_liberal;Liberal Party;Parti Lib0ral;Liberale Partei;Partia Liberalna;Partido Liberal;Partito Liberale;Liber0lis P0rt;Liber0ln0 Strana;Liber0lis P0rt;Liberale Partij;Partido Liberal;;Liberaalipuolue;
CXI_reactionary;National Party;Parti National;Nationale Partei;Partia Narodowa;Partido Nacional;Partito Nazionale;Nemzeti P0rt;N0rodn0 Strana;Nemzeti P0rt;Nationale Partij;Partido Nacional;;Kansallispuolue;
CXI_socialist;Socialist Party;Parti Socialiste;Sozialistische Partei;Partia Socjalistyczna;Partido Socialista;Partito Socialista;Szocialista P0rt;Socialistick0 Strana;Szocialista P0rt;Socialistische Partij;Partido Socialista;;Sosialistinenpuolue;
CYA;Chachapoya;Chachapoyas;Chachapoya;Chachapoya;Chachapoya;Chachapoya;Chachapoya;Chachapoya;Chachapoya;Chachapoya;Chachapoya;Chachapoya;Chachapoya;
CYA_ADJ;Chachapoyan;chachapoya;Chachapoyanisch;Chachapoyan;chachapoyano;Chachapoyan;Chachapoyan;Chachapoyan;Chachapoyan;Chachapoyan;Chachapoyan;Chachapoyan;Chachapoyan;
CYA_radical;Radical Party;Parti Radical;Radikale Partei;Partia Radykalna;Partido Radical;Partito Radicale;Radik0lis P0rt;Radik0ln0 Strana;Radik0lis P0rt;Radicale Partij;Partido Radical;;Radikaalipuolue;
CYA_communist;Communist Party;Parti Communiste;Kommunistische Partei;Partia Komunistyczna;Partido Comunista;Partito Comunista;Kommunista P0rt;Komunistick0 Strana;Kommunista P0rt;Communistische Partij;Partido Comunista;;Kommunistinenpuolue;
CYA_conservative;Conservative Party;Parti Conservateur;Konservative Partei;Partia Konserwatywna;Partido Conservador;Partito Conservatore;Konzervat0v P0rt;Konzervativn0 Strana;Konzervat0v P0rt;Conservatieve Partij;Partido Conservador;;Konservatiivipuolue;
CYA_fascist;Fascist Party;Parti Fasciste;Faschistische Partei;Partia Faszystowska;Partido Fascista;Partito Fascista;Fasiszta P0rt;Fa0istick0 Strana;Fasiszta P0rt;Fascistische Partij;Partido Fascista;;Fasistinenpuolue;
CYA_liberal;Liberal Party;Parti Lib0ral;Liberale Partei;Partia Liberalna;Partido Liberal;Partito Liberale;Liber0lis P0rt;Liber0ln0 Strana;Liber0lis P0rt;Liberale Partij;Partido Liberal;;Liberaalipuolue;
CYA_reactionary;National Party;Parti National;Nationale Partei;Partia Narodowa;Partido Nacional;Partito Nazionale;Nemzeti P0rt;N0rodn0 Strana;Nemzeti P0rt;Nationale Partij;Partido Nacional;;Kansallispuolue;
CYA_socialist;Socialist Party;Parti Socialiste;Sozialistische Partei;Partia Socjalistyczna;Partido Socialista;Partito Socialista;Szocialista P0rt;Socialistick0 Strana;Szocialista P0rt;Socialistische Partij;Partido Socialista;;Sosialistinenpuolue;
DAW;Dawasir;Dawassirs;Dawasir;Dawasir;Dawasir;Dawasir;Dawasir;Dawasir;Dawasir;Dawasir;Dawasir;Dawasir;Dawasir;
DAW_ADJ;Dawasiri;dawassire;Dawasirisch;Dawasiri;dawasirí;Dawasiri;Dawasiri;Dawasiri;Dawasiri;Dawasiri;Dawasiri;Dawasiri;Dawasiri;
DAW_radical;Radical Party;Parti Radical;Radikale Partei;Partia Radykalna;Partido Radical;Partito Radicale;Radik0lis P0rt;Radik0ln0 Strana;Radik0lis P0rt;Radicale Partij;Partido Radical;;Radikaalipuolue;
DAW_communist;Communist Party;Parti Communiste;Kommunistische Partei;Partia Komunistyczna;Partido Comunista;Partito Comunista;Kommunista P0rt;Komunistick0 Strana;Kommunista P0rt;Communistische Partij;Partido Comunista;;Kommunistinenpuolue;
DAW_conservative;Conservative Party;Parti Conservateur;Konservative Partei;Partia Konserwatywna;Partido Conservador;Partito Conservatore;Konzervat0v P0rt;Konzervativn0 Strana;Konzervat0v P0rt;Conservatieve Partij;Partido Conservador;;Konservatiivipuolue;
DAW_fascist;Fascist Party;Parti Fasciste;Faschistische Partei;Partia Faszystowska;Partido Fascista;Partito Fascista;Fasiszta P0rt;Fa0istick0 Strana;Fasiszta P0rt;Fascistische Partij;Partido Fascista;;Fasistinenpuolue;
DAW_liberal;Liberal Party;Parti Lib0ral;Liberale Partei;Partia Liberalna;Partido Liberal;Partito Liberale;Liber0lis P0rt;Liber0ln0 Strana;Liber0lis P0rt;Liberale Partij;Partido Liberal;;Liberaalipuolue;
DAW_reactionary;National Party;Parti National;Nationale Partei;Partia Narodowa;Partido Nacional;Partito Nazionale;Nemzeti P0rt;N0rodn0 Strana;Nemzeti P0rt;Nationale Partij;Partido Nacional;;Kansallispuolue;
DAW_socialist;Socialist Party;Parti Socialiste;Sozialistische Partei;Partia Socjalistyczna;Partido Socialista;Partito Socialista;Szocialista P0rt;Socialistick0 Strana;Szocialista P0rt;Socialistische Partij;Partido Socialista;;Sosialistinenpuolue;
DGB;Dagbon;Dagbon;Dagbane;Dagbon;Dagbon;Dagbon;Dagbon;Dagbon;Dagbon;Dagbon;Dagbon;Dagbon;Dagbon;
DGB_ADJ;Dagbani;dagomba;Dagbanisch;Dagbani;dagbaní;Dagbani;Dagbani;Dagbani;Dagbani;Dagbani;Dagbani;Dagbani;Dagbani;
DGB_radical;Radical Party;Parti Radical;Radikale Partei;Partia Radykalna;Partido Radical;Partito Radicale;Radik0lis P0rt;Radik0ln0 Strana;Radik0lis P0rt;Radicale Partij;Partido Radical;;Radikaalipuolue;
DGB_communist;Communist Party;Parti Communiste;Kommunistische Partei;Partia Komunistyczna;Partido Comunista;Partito Comunista;Kommunista P0rt;Komunistick0 Strana;Kommunista P0rt;Communistische Partij;Partido Comunista;;Kommunistinenpuolue;
DGB_conservative;Conservative Party;Parti Conservateur;Konservative Partei;Partia Konserwatywna;Partido Conservador;Partito Conservatore;Konzervat0v P0rt;Konzervativn0 Strana;Konzervat0v P0rt;Conservatieve Partij;Partido Conservador;;Konservatiivipuolue;
DGB_fascist;Fascist Party;Parti Fasciste;Faschistische Partei;Partia Faszystowska;Partido Fascista;Partito Fascista;Fasiszta P0rt;Fa0istick0 Strana;Fasiszta P0rt;Fascistische Partij;Partido Fascista;;Fasistinenpuolue;
DGB_liberal;Liberal Party;Parti Lib0ral;Liberale Partei;Partia Liberalna;Partido Liberal;Partito Liberale;Liber0lis P0rt;Liber0ln0 Strana;Liber0lis P0rt;Liberale Partij;Partido Liberal;;Liberaalipuolue;
DGB_reactionary;National Party;Parti National;Nationale Partei;Partia Narodowa;Partido Nacional;Partito Nazionale;Nemzeti P0rt;N0rodn0 Strana;Nemzeti P0rt;Nationale Partij;Partido Nacional;;Kansallispuolue;
DGB_socialist;Socialist Party;Parti Socialiste;Sozialistische Partei;Partia Socjalistyczna;Partido Socialista;Partito Socialista;Szocialista P0rt;Socialistick0 Strana;Szocialista P0rt;Socialistische Partij;Partido Socialista;;Sosialistinenpuolue;
DNG;Dang;Dang;Dang;Dang;Dang;Dang;Dang;Dang;Dang;Dang;Dang;Dang;Dang;
DNG_ADJ;Dang;dangi;Dangisch;Dang;dangí;Dang;Dang;Dang;Dang;Dang;Dang;Dang;Dang;
DNG_radical;Radical Party;Parti Radical;Radikale Partei;Partia Radykalna;Partido Radical;Partito Radicale;Radik0lis P0rt;Radik0ln0 Strana;Radik0lis P0rt;Radicale Partij;Partido Radical;;Radikaalipuolue;
DNG_communist;Communist Party;Parti Communiste;Kommunistische Partei;Partia Komunistyczna;Partido Comunista;Partito Comunista;Kommunista P0rt;Komunistick0 Strana;Kommunista P0rt;Communistische Partij;Partido Comunista;;Kommunistinenpuolue;
DNG_conservative;Conservative Party;Parti Conservateur;Konservative Partei;Partia Konserwatywna;Partido Conservador;Partito Conservatore;Konzervat0v P0rt;Konzervativn0 Strana;Konzervat0v P0rt;Conservatieve Partij;Partido Conservador;;Konservatiivipuolue;
DNG_fascist;Fascist Party;Parti Fasciste;Faschistische Partei;Partia Faszystowska;Partido Fascista;Partito Fascista;Fasiszta P0rt;Fa0istick0 Strana;Fasiszta P0rt;Fascistische Partij;Partido Fascista;;Fasistinenpuolue;
DNG_liberal;Liberal Party;Parti Lib0ral;Liberale Partei;Partia Liberalna;Partido Liberal;Partito Liberale;Liber0lis P0rt;Liber0ln0 Strana;Liber0lis P0rt;Liberale Partij;Partido Liberal;;Liberaalipuolue;
DNG_reactionary;National Party;Parti National;Nationale Partei;Partia Narodowa;Partido Nacional;Partito Nazionale;Nemzeti P0rt;N0rodn0 Strana;Nemzeti P0rt;Nationale Partij;Partido Nacional;;Kansallispuolue;
DNG_socialist;Socialist Party;Parti Socialiste;Sozialistische Partei;Partia Socjalistyczna;Partido Socialista;Partito Socialista;Szocialista P0rt;Socialistick0 Strana;Szocialista P0rt;Socialistische Partij;Partido Socialista;;Sosialistinenpuolue;
DTI;Doti;Doti;Doti;Doti;Doti;Doti;Doti;Doti;Doti;Doti;Doti;Doti;Doti;
DTI_ADJ;Doti;dotî;Dotisch;Doti;dotí;Doti;Doti;Doti;Doti;Doti;Doti;Doti;Doti;
DTI_radical;Radical Party;Parti Radical;Radikale Partei;Partia Radykalna;Partido Radical;Partito Radicale;Radik0lis P0rt;Radik0ln0 Strana;Radik0lis P0rt;Radicale Partij;Partido Radical;;Radikaalipuolue;
DTI_communist;Communist Party;Parti Communiste;Kommunistische Partei;Partia Komunistyczna;Partido Comunista;Partito Comunista;Kommunista P0rt;Komunistick0 Strana;Kommunista P0rt;Communistische Partij;Partido Comunista;;Kommunistinenpuolue;
DTI_conservative;Conservative Party;Parti Conservateur;Konservative Partei;Partia Konserwatywna;Partido Conservador;Partito Conservatore;Konzervat0v P0rt;Konzervativn0 Strana;Konzervat0v P0rt;Conservatieve Partij;Partido Conservador;;Konservatiivipuolue;
DTI_fascist;Fascist Party;Parti Fasciste;Faschistische Partei;Partia Faszystowska;Partido Fascista;Partito Fascista;Fasiszta P0rt;Fa0istick0 Strana;Fasiszta P0rt;Fascistische Partij;Partido Fascista;;Fasistinenpuolue;
DTI_liberal;Liberal Party;Parti Lib0ral;Liberale Partei;Partia Liberalna;Partido Liberal;Partito Liberale;Liber0lis P0rt;Liber0ln0 Strana;Liber0lis P0rt;Liberale Partij;Partido Liberal;;Liberaalipuolue;
DTI_reactionary;National Party;Parti National;Nationale Partei;Partia Narodowa;Partido Nacional;Partito Nazionale;Nemzeti P0rt;N0rodn0 Strana;Nemzeti P0rt;Nationale Partij;Partido Nacional;;Kansallispuolue;
DTI_socialist;Socialist Party;Parti Socialiste;Sozialistische Partei;Partia Socjalistyczna;Partido Socialista;Partito Socialista;Szocialista P0rt;Socialistick0 Strana;Szocialista P0rt;Socialistische Partij;Partido Socialista;;Sosialistinenpuolue;
EFR_radical;Radical Party;Parti Radical;Radikale Partei;Partia Radykalna;Partido Radical;Partito Radicale;Radik0lis P0rt;Radik0ln0 Strana;Radik0lis P0rt;Radicale Partij;Partido Radical;;Radikaalipuolue;
EFR_communist;Communist Party;Parti Communiste;Kommunistische Partei;Partia Komunistyczna;Partido Comunista;Partito Comunista;Kommunista P0rt;Komunistick0 Strana;Kommunista P0rt;Communistische Partij;Partido Comunista;;Kommunistinenpuolue;
EFR_conservative;Conservative Party;Parti Conservateur;Konservative Partei;Partia Konserwatywna;Partido Conservador;Partito Conservatore;Konzervat0v P0rt;Konzervativn0 Strana;Konzervat0v P0rt;Conservatieve Partij;Partido Conservador;;Konservatiivipuolue;
EFR_fascist;Fascist Party;Parti Fasciste;Faschistische Partei;Partia Faszystowska;Partido Fascista;Partito Fascista;Fasiszta P0rt;Fa0istick0 Strana;Fasiszta P0rt;Fascistische Partij;Partido Fascista;;Fasistinenpuolue;
EFR_liberal;Liberal Party;Parti Lib0ral;Liberale Partei;Partia Liberalna;Partido Liberal;Partito Liberale;Liber0lis P0rt;Liber0ln0 Strana;Liber0lis P0rt;Liberale Partij;Partido Liberal;;Liberaalipuolue;
EFR_reactionary;National Party;Parti National;Nationale Partei;Partia Narodowa;Partido Nacional;Partito Nazionale;Nemzeti P0rt;N0rodn0 Strana;Nemzeti P0rt;Nationale Partij;Partido Nacional;;Kansallispuolue;
EFR_socialist;Socialist Party;Parti Socialiste;Sozialistische Partei;Partia Socjalistyczna;Partido Socialista;Partito Socialista;Szocialista P0rt;Socialistick0 Strana;Szocialista P0rt;Socialistische Partij;Partido Socialista;;Sosialistinenpuolue;
ENA;Ennarea;Ennarya;Eneara;Eneara;Eneara;Eneara;Eneara;Eneara;Eneara;Eneara;Eneara;Eneara;Eneara;
ENA_ADJ;Ennarean;ennarya;Enearaisch;Ennarean;enearano;Ennarean;Ennarean;Ennarean;Ennarean;Ennarean;Ennarean;Ennarean;Ennarean;
ENA_radical;Radical Party;Parti Radical;Radikale Partei;Partia Radykalna;Partido Radical;Partito Radicale;Radik0lis P0rt;Radik0ln0 Strana;Radik0lis P0rt;Radicale Partij;Partido Radical;;Radikaalipuolue;
ENA_communist;Communist Party;Parti Communiste;Kommunistische Partei;Partia Komunistyczna;Partido Comunista;Partito Comunista;Kommunista P0rt;Komunistick0 Strana;Kommunista P0rt;Communistische Partij;Partido Comunista;;Kommunistinenpuolue;
ENA_conservative;Conservative Party;Parti Conservateur;Konservative Partei;Partia Konserwatywna;Partido Conservador;Partito Conservatore;Konzervat0v P0rt;Konzervativn0 Strana;Konzervat0v P0rt;Conservatieve Partij;Partido Conservador;;Konservatiivipuolue;
ENA_fascist;Fascist Party;Parti Fasciste;Faschistische Partei;Partia Faszystowska;Partido Fascista;Partito Fascista;Fasiszta P0rt;Fa0istick0 Strana;Fasiszta P0rt;Fascistische Partij;Partido Fascista;;Fasistinenpuolue;
ENA_liberal;Liberal Party;Parti Lib0ral;Liberale Partei;Partia Liberalna;Partido Liberal;Partito Liberale;Liber0lis P0rt;Liber0ln0 Strana;Liber0lis P0rt;Liberale Partij;Partido Liberal;;Liberaalipuolue;
ENA_reactionary;National Party;Parti National;Nationale Partei;Partia Narodowa;Partido Nacional;Partito Nazionale;Nemzeti P0rt;N0rodn0 Strana;Nemzeti P0rt;Nationale Partij;Partido Nacional;;Kansallispuolue;
ENA_socialist;Socialist Party;Parti Socialiste;Sozialistische Partei;Partia Socjalistyczna;Partido Socialista;Partito Socialista;Szocialista P0rt;Socialistick0 Strana;Szocialista P0rt;Socialistische Partij;Partido Socialista;;Sosialistinenpuolue;
FAD;Fadl;al-Fadlî;Fadl;Fadl;Fadl;Fadl;Fadl;Fadl;Fadl;Fadl;Fadl;Fadl;Fadl;
FAD_ADJ;Fadli;al-Fadlî;Fadlisch;Fadli;fadlí;Fadli;Fadli;Fadli;Fadli;Fadli;Fadli;Fadli;Fadli;
FAD_radical;Radical Party;Parti Radical;Radikale Partei;Partia Radykalna;Partido Radical;Partito Radicale;Radik0lis P0rt;Radik0ln0 Strana;Radik0lis P0rt;Radicale Partij;Partido Radical;;Radikaalipuolue;
FAD_communist;Communist Party;Parti Communiste;Kommunistische Partei;Partia Komunistyczna;Partido Comunista;Partito Comunista;Kommunista P0rt;Komunistick0 Strana;Kommunista P0rt;Communistische Partij;Partido Comunista;;Kommunistinenpuolue;
FAD_conservative;Conservative Party;Parti Conservateur;Konservative Partei;Partia Konserwatywna;Partido Conservador;Partito Conservatore;Konzervat0v P0rt;Konzervativn0 Strana;Konzervat0v P0rt;Conservatieve Partij;Partido Conservador;;Konservatiivipuolue;
FAD_fascist;Fascist Party;Parti Fasciste;Faschistische Partei;Partia Faszystowska;Partido Fascista;Partito Fascista;Fasiszta P0rt;Fa0istick0 Strana;Fasiszta P0rt;Fascistische Partij;Partido Fascista;;Fasistinenpuolue;
FAD_liberal;Liberal Party;Parti Lib0ral;Liberale Partei;Partia Liberalna;Partido Liberal;Partito Liberale;Liber0lis P0rt;Liber0ln0 Strana;Liber0lis P0rt;Liberale Partij;Partido Liberal;;Liberaalipuolue;
FAD_reactionary;National Party;Parti National;Nationale Partei;Partia Narodowa;Partido Nacional;Partito Nazionale;Nemzeti P0rt;N0rodn0 Strana;Nemzeti P0rt;Nationale Partij;Partido Nacional;;Kansallispuolue;
FAD_socialist;Socialist Party;Parti Socialiste;Sozialistische Partei;Partia Socjalistyczna;Partido Socialista;Partito Socialista;Szocialista P0rt;Socialistick0 Strana;Szocialista P0rt;Socialistische Partij;Partido Socialista;;Sosialistinenpuolue;
FEO;Theodoro;Théodoros;Theodoro;Theodoro;Teodoro;Theodoro;Theodoro;Theodoro;Theodoro;Theodoro;Theodoro;Theodoro;Theodoro;
FEO_ADJ;Theodorian;théodorienne;Theodorisch;Theodorian;teodoroniano;Theodorian;Theodorian;Theodorian;Theodorian;Theodorian;Theodorian;Theodorian;Theodorian;
FEO_radical;Radical Party;Parti Radical;Radikale Partei;Partia Radykalna;Partido Radical;Partito Radicale;Radik0lis P0rt;Radik0ln0 Strana;Radik0lis P0rt;Radicale Partij;Partido Radical;;Radikaalipuolue;
FEO_communist;Communist Party;Parti Communiste;Kommunistische Partei;Partia Komunistyczna;Partido Comunista;Partito Comunista;Kommunista P0rt;Komunistick0 Strana;Kommunista P0rt;Communistische Partij;Partido Comunista;;Kommunistinenpuolue;
FEO_conservative;Conservative Party;Parti Conservateur;Konservative Partei;Partia Konserwatywna;Partido Conservador;Partito Conservatore;Konzervat0v P0rt;Konzervativn0 Strana;Konzervat0v P0rt;Conservatieve Partij;Partido Conservador;;Konservatiivipuolue;
FEO_fascist;Fascist Party;Parti Fasciste;Faschistische Partei;Partia Faszystowska;Partido Fascista;Partito Fascista;Fasiszta P0rt;Fa0istick0 Strana;Fasiszta P0rt;Fascistische Partij;Partido Fascista;;Fasistinenpuolue;
FEO_liberal;Liberal Party;Parti Lib0ral;Liberale Partei;Partia Liberalna;Partido Liberal;Partito Liberale;Liber0lis P0rt;Liber0ln0 Strana;Liber0lis P0rt;Liberale Partij;Partido Liberal;;Liberaalipuolue;
FEO_reactionary;National Party;Parti National;Nationale Partei;Partia Narodowa;Partido Nacional;Partito Nazionale;Nemzeti P0rt;N0rodn0 Strana;Nemzeti P0rt;Nationale Partij;Partido Nacional;;Kansallispuolue;
FEO_socialist;Socialist Party;Parti Socialiste;Sozialistische Partei;Partia Socjalistyczna;Partido Socialista;Partito Socialista;Szocialista P0rt;Socialistick0 Strana;Szocialista P0rt;Socialistische Partij;Partido Socialista;;Sosialistinenpuolue;
FLO_radical;Radical Party;Parti Radical;Radikale Partei;Partia Radykalna;Partido Radical;Partito Radicale;Radik0lis P0rt;Radik0ln0 Strana;Radik0lis P0rt;Radicale Partij;Partido Radical;;Radikaalipuolue;
FLO_communist;Communist Party;Parti Communiste;Kommunistische Partei;Partia Komunistyczna;Partido Comunista;Partito Comunista;Kommunista P0rt;Komunistick0 Strana;Kommunista P0rt;Communistische Partij;Partido Comunista;;Kommunistinenpuolue;
FLO_conservative;Conservative Party;Parti Conservateur;Konservative Partei;Partia Konserwatywna;Partido Conservador;Partito Conservatore;Konzervat0v P0rt;Konzervativn0 Strana;Konzervat0v P0rt;Conservatieve Partij;Partido Conservador;;Konservatiivipuolue;
FLO_fascist;Fascist Party;Parti Fasciste;Faschistische Partei;Partia Faszystowska;Partido Fascista;Partito Fascista;Fasiszta P0rt;Fa0istick0 Strana;Fasiszta P0rt;Fascistische Partij;Partido Fascista;;Fasistinenpuolue;
FLO_liberal;Liberal Party;Parti Lib0ral;Liberale Partei;Partia Liberalna;Partido Liberal;Partito Liberale;Liber0lis P0rt;Liber0ln0 Strana;Liber0lis P0rt;Liberale Partij;Partido Liberal;;Liberaalipuolue;
FLO_reactionary;National Party;Parti National;Nationale Partei;Partia Narodowa;Partido Nacional;Partito Nazionale;Nemzeti P0rt;N0rodn0 Strana;Nemzeti P0rt;Nationale Partij;Partido Nacional;;Kansallispuolue;
FLO_socialist;Socialist Party;Parti Socialiste;Sozialistische Partei;Partia Socjalistyczna;Partido Socialista;Partito Socialista;Szocialista P0rt;Socialistick0 Strana;Szocialista P0rt;Socialistische Partij;Partido Socialista;;Sosialistinenpuolue;
FLY;Offaly;Offaly;Offaly;Faly;Offaly;Faly;Faly;Faly;Faly;Faly;Faly;Faly;Faly;
FLY_ADJ;Offaly;offalienne;Offalisch;Offaly;ofaliano;Offaly;Offaly;Offaly;Offaly;Offaly;Offaly;Offaly;Offaly;
FLY_radical;Radical Party;Parti Radical;Radikale Partei;Partia Radykalna;Partido Radical;Partito Radicale;Radik0lis P0rt;Radik0ln0 Strana;Radik0lis P0rt;Radicale Partij;Partido Radical;;Radikaalipuolue;
FLY_communist;Communist Party;Parti Communiste;Kommunistische Partei;Partia Komunistyczna;Partido Comunista;Partito Comunista;Kommunista P0rt;Komunistick0 Strana;Kommunista P0rt;Communistische Partij;Partido Comunista;;Kommunistinenpuolue;
FLY_conservative;Conservative Party;Parti Conservateur;Konservative Partei;Partia Konserwatywna;Partido Conservador;Partito Conservatore;Konzervat0v P0rt;Konzervativn0 Strana;Konzervat0v P0rt;Conservatieve Partij;Partido Conservador;;Konservatiivipuolue;
FLY_fascist;Fascist Party;Parti Fasciste;Faschistische Partei;Partia Faszystowska;Partido Fascista;Partito Fascista;Fasiszta P0rt;Fa0istick0 Strana;Fasiszta P0rt;Fascistische Partij;Partido Fascista;;Fasistinenpuolue;
FLY_liberal;Liberal Party;Parti Lib0ral;Liberale Partei;Partia Liberalna;Partido Liberal;Partito Liberale;Liber0lis P0rt;Liber0ln0 Strana;Liber0lis P0rt;Liberale Partij;Partido Liberal;;Liberaalipuolue;
FLY_reactionary;National Party;Parti National;Nationale Partei;Partia Narodowa;Partido Nacional;Partito Nazionale;Nemzeti P0rt;N0rodn0 Strana;Nemzeti P0rt;Nationale Partij;Partido Nacional;;Kansallispuolue;
FLY_socialist;Socialist Party;Parti Socialiste;Sozialistische Partei;Partia Socjalistyczna;Partido Socialista;Partito Socialista;Szocialista P0rt;Socialistick0 Strana;Szocialista P0rt;Socialistische Partij;Partido Socialista;;Sosialistinenpuolue;
FOX_radical;Radical Party;Parti Radical;Radikale Partei;Partia Radykalna;Partido Radical;Partito Radicale;Radik0lis P0rt;Radik0ln0 Strana;Radik0lis P0rt;Radicale Partij;Partido Radical;;Radikaalipuolue;
FOX_communist;Communist Party;Parti Communiste;Kommunistische Partei;Partia Komunistyczna;Partido Comunista;Partito Comunista;Kommunista P0rt;Komunistick0 Strana;Kommunista P0rt;Communistische Partij;Partido Comunista;;Kommunistinenpuolue;
FOX_conservative;Conservative Party;Parti Conservateur;Konservative Partei;Partia Konserwatywna;Partido Conservador;Partito Conservatore;Konzervat0v P0rt;Konzervativn0 Strana;Konzervat0v P0rt;Conservatieve Partij;Partido Conservador;;Konservatiivipuolue;
FOX_fascist;Fascist Party;Parti Fasciste;Faschistische Partei;Partia Faszystowska;Partido Fascista;Partito Fascista;Fasiszta P0rt;Fa0istick0 Strana;Fasiszta P0rt;Fascistische Partij;Partido Fascista;;Fasistinenpuolue;
FOX_liberal;Liberal Party;Parti Lib0ral;Liberale Partei;Partia Liberalna;Partido Liberal;Partito Liberale;Liber0lis P0rt;Liber0ln0 Strana;Liber0lis P0rt;Liberale Partij;Partido Liberal;;Liberaalipuolue;
FOX_reactionary;National Party;Parti National;Nationale Partei;Partia Narodowa;Partido Nacional;Partito Nazionale;Nemzeti P0rt;N0rodn0 Strana;Nemzeti P0rt;Nationale Partij;Partido Nacional;;Kansallispuolue;
FOX_socialist;Socialist Party;Parti Socialiste;Sozialistische Partei;Partia Socjalistyczna;Partido Socialista;Partito Socialista;Szocialista P0rt;Socialistick0 Strana;Szocialista P0rt;Socialistische Partij;Partido Socialista;;Sosialistinenpuolue;
FZA;Fezzan;Fezzan;Fezzan;Fezzan;Fezán;Fezzan;Fezzan;Fezzan;Fezzan;Fezzan;Fezzan;Fezzan;Fezzan;
FZA_ADJ;Fezzani;fezzane;Fezzanisch;Fezzani;fezán;Fezzani;Fezzani;Fezzani;Fezzani;Fezzani;Fezzani;Fezzani;Fezzani;
FZA_radical;Radical Party;Parti Radical;Radikale Partei;Partia Radykalna;Partido Radical;Partito Radicale;Radik0lis P0rt;Radik0ln0 Strana;Radik0lis P0rt;Radicale Partij;Partido Radical;;Radikaalipuolue;
FZA_communist;Communist Party;Parti Communiste;Kommunistische Partei;Partia Komunistyczna;Partido Comunista;Partito Comunista;Kommunista P0rt;Komunistick0 Strana;Kommunista P0rt;Communistische Partij;Partido Comunista;;Kommunistinenpuolue;
FZA_conservative;Conservative Party;Parti Conservateur;Konservative Partei;Partia Konserwatywna;Partido Conservador;Partito Conservatore;Konzervat0v P0rt;Konzervativn0 Strana;Konzervat0v P0rt;Conservatieve Partij;Partido Conservador;;Konservatiivipuolue;
FZA_fascist;Fascist Party;Parti Fasciste;Faschistische Partei;Partia Faszystowska;Partido Fascista;Partito Fascista;Fasiszta P0rt;Fa0istick0 Strana;Fasiszta P0rt;Fascistische Partij;Partido Fascista;;Fasistinenpuolue;
FZA_liberal;Liberal Party;Parti Lib0ral;Liberale Partei;Partia Liberalna;Partido Liberal;Partito Liberale;Liber0lis P0rt;Liber0ln0 Strana;Liber0lis P0rt;Liberale Partij;Partido Liberal;;Liberaalipuolue;
FZA_reactionary;National Party;Parti National;Nationale Partei;Partia Narodowa;Partido Nacional;Partito Nazionale;Nemzeti P0rt;N0rodn0 Strana;Nemzeti P0rt;Nationale Partij;Partido Nacional;;Kansallispuolue;
FZA_socialist;Socialist Party;Parti Socialiste;Sozialistische Partei;Partia Socjalistyczna;Partido Socialista;Partito Socialista;Szocialista P0rt;Socialistick0 Strana;Szocialista P0rt;Socialistische Partij;Partido Socialista;;Sosialistinenpuolue;
GAM;Guamar;Guamares;Guamar;Guamar;Guamar;Guamar;Guamar;Guamar;Guamar;Guamar;Guamar;Guamar;Guamar;
GAM_ADJ;Guamares;guamare;Guamarisch;Guamares;guamares;Guamares;Guamares;Guamares;Guamares;Guamares;Guamares;Guamares;Guamares;
GAM_radical;Radical Party;Parti Radical;Radikale Partei;Partia Radykalna;Partido Radical;Partito Radicale;Radik0lis P0rt;Radik0ln0 Strana;Radik0lis P0rt;Radicale Partij;Partido Radical;;Radikaalipuolue;
GAM_communist;Communist Party;Parti Communiste;Kommunistische Partei;Partia Komunistyczna;Partido Comunista;Partito Comunista;Kommunista P0rt;Komunistick0 Strana;Kommunista P0rt;Communistische Partij;Partido Comunista;;Kommunistinenpuolue;
GAM_conservative;Conservative Party;Parti Conservateur;Konservative Partei;Partia Konserwatywna;Partido Conservador;Partito Conservatore;Konzervat0v P0rt;Konzervativn0 Strana;Konzervat0v P0rt;Conservatieve Partij;Partido Conservador;;Konservatiivipuolue;
GAM_fascist;Fascist Party;Parti Fasciste;Faschistische Partei;Partia Faszystowska;Partido Fascista;Partito Fascista;Fasiszta P0rt;Fa0istick0 Strana;Fasiszta P0rt;Fascistische Partij;Partido Fascista;;Fasistinenpuolue;
GAM_liberal;Liberal Party;Parti Lib0ral;Liberale Partei;Partia Liberalna;Partido Liberal;Partito Liberale;Liber0lis P0rt;Liber0ln0 Strana;Liber0lis P0rt;Liberale Partij;Partido Liberal;;Liberaalipuolue;
GAM_reactionary;National Party;Parti National;Nationale Partei;Partia Narodowa;Partido Nacional;Partito Nazionale;Nemzeti P0rt;N0rodn0 Strana;Nemzeti P0rt;Nationale Partij;Partido Nacional;;Kansallispuolue;
GAM_socialist;Socialist Party;Parti Socialiste;Sozialistische Partei;Partia Socjalistyczna;Partido Socialista;Partito Socialista;Szocialista P0rt;Socialistick0 Strana;Szocialista P0rt;Socialistische Partij;Partido Socialista;;Sosialistinenpuolue;
GHD;Djerid;Djérid;Djerid;Ghadames;Djerid;Ghadames;Ghadames;Ghadames;Ghadames;Ghadames;Ghadames;Ghadames;Ghadames;
GHD_ADJ;Djeridi;djéridi;Djeridisch;Djeridi;djeridí;Djeridi;Djeridi;Djeridi;Djeridi;Djeridi;Djeridi;Djeridi;Djeridi;
GHD_radical;Radical Party;Parti Radical;Radikale Partei;Partia Radykalna;Partido Radical;Partito Radicale;Radik0lis P0rt;Radik0ln0 Strana;Radik0lis P0rt;Radicale Partij;Partido Radical;;Radikaalipuolue;
GHD_communist;Communist Party;Parti Communiste;Kommunistische Partei;Partia Komunistyczna;Partido Comunista;Partito Comunista;Kommunista P0rt;Komunistick0 Strana;Kommunista P0rt;Communistische Partij;Partido Comunista;;Kommunistinenpuolue;
GHD_conservative;Conservative Party;Parti Conservateur;Konservative Partei;Partia Konserwatywna;Partido Conservador;Partito Conservatore;Konzervat0v P0rt;Konzervativn0 Strana;Konzervat0v P0rt;Conservatieve Partij;Partido Conservador;;Konservatiivipuolue;
GHD_fascist;Fascist Party;Parti Fasciste;Faschistische Partei;Partia Faszystowska;Partido Fascista;Partito Fascista;Fasiszta P0rt;Fa0istick0 Strana;Fasiszta P0rt;Fascistische Partij;Partido Fascista;;Fasistinenpuolue;
GHD_liberal;Liberal Party;Parti Lib0ral;Liberale Partei;Partia Liberalna;Partido Liberal;Partito Liberale;Liber0lis P0rt;Liber0ln0 Strana;Liber0lis P0rt;Liberale Partij;Partido Liberal;;Liberaalipuolue;
GHD_reactionary;National Party;Parti National;Nationale Partei;Partia Narodowa;Partido Nacional;Partito Nazionale;Nemzeti P0rt;N0rodn0 Strana;Nemzeti P0rt;Nationale Partij;Partido Nacional;;Kansallispuolue;
GHD_socialist;Socialist Party;Parti Socialiste;Sozialistische Partei;Partia Socjalistyczna;Partido Socialista;Partito Socialista;Szocialista P0rt;Socialistick0 Strana;Szocialista P0rt;Socialistische Partij;Partido Socialista;;Sosialistinenpuolue;
GHR;Garhwal;Garhwâl;Garhwal;Garhwal;Garhwal;Garhwal;Garhwal;Garhwal;Garhwal;Garhwal;Garhwal;Garhwal;Garhwal;
GHR_ADJ;Garhwali;garhwâli;Garhwalisch;Garhwali;garhwalí;Garhwali;Garhwali;Garhwali;Garhwali;Garhwali;Garhwali;Garhwali;Garhwali;
GHR_radical;Radical Party;Parti Radical;Radikale Partei;Partia Radykalna;Partido Radical;Partito Radicale;Radik0lis P0rt;Radik0ln0 Strana;Radik0lis P0rt;Radicale Partij;Partido Radical;;Radikaalipuolue;
GHR_communist;Communist Party;Parti Communiste;Kommunistische Partei;Partia Komunistyczna;Partido Comunista;Partito Comunista;Kommunista P0rt;Komunistick0 Strana;Kommunista P0rt;Communistische Partij;Partido Comunista;;Kommunistinenpuolue;
GHR_conservative;Conservative Party;Parti Conservateur;Konservative Partei;Partia Konserwatywna;Partido Conservador;Partito Conservatore;Konzervat0v P0rt;Konzervativn0 Strana;Konzervat0v P0rt;Conservatieve Partij;Partido Conservador;;Konservatiivipuolue;
GHR_fascist;Fascist Party;Parti Fasciste;Faschistische Partei;Partia Faszystowska;Partido Fascista;Partito Fascista;Fasiszta P0rt;Fa0istick0 Strana;Fasiszta P0rt;Fascistische Partij;Partido Fascista;;Fasistinenpuolue;
GHR_liberal;Liberal Party;Parti Lib0ral;Liberale Partei;Partia Liberalna;Partido Liberal;Partito Liberale;Liber0lis P0rt;Liber0ln0 Strana;Liber0lis P0rt;Liberale Partij;Partido Liberal;;Liberaalipuolue;
GHR_reactionary;National Party;Parti National;Nationale Partei;Partia Narodowa;Partido Nacional;Partito Nazionale;Nemzeti P0rt;N0rodn0 Strana;Nemzeti P0rt;Nationale Partij;Partido Nacional;;Kansallispuolue;
GHR_socialist;Socialist Party;Parti Socialiste;Sozialistische Partei;Partia Socjalistyczna;Partido Socialista;Partito Socialista;Szocialista P0rt;Socialistick0 Strana;Szocialista P0rt;Socialistische Partij;Partido Socialista;;Sosialistinenpuolue;
GRI;Guarani;Guaranis;Guarani;Guarani;Guaraní;Guarani;Guarani;Guarani;Guarani;Guarani;Guarani;Guarani;Guarani;
GRI_ADJ;Guarani;guaranie;Guaranisch;Guarani;guaraní;Guarani;Guarani;Guarani;Guarani;Guarani;Guarani;Guarani;Guarani;
GRI_radical;Radical Party;Parti Radical;Radikale Partei;Partia Radykalna;Partido Radical;Partito Radicale;Radik0lis P0rt;Radik0ln0 Strana;Radik0lis P0rt;Radicale Partij;Partido Radical;;Radikaalipuolue;
GRI_communist;Communist Party;Parti Communiste;Kommunistische Partei;Partia Komunistyczna;Partido Comunista;Partito Comunista;Kommunista P0rt;Komunistick0 Strana;Kommunista P0rt;Communistische Partij;Partido Comunista;;Kommunistinenpuolue;
GRI_conservative;Conservative Party;Parti Conservateur;Konservative Partei;Partia Konserwatywna;Partido Conservador;Partito Conservatore;Konzervat0v P0rt;Konzervativn0 Strana;Konzervat0v P0rt;Conservatieve Partij;Partido Conservador;;Konservatiivipuolue;
GRI_fascist;Fascist Party;Parti Fasciste;Faschistische Partei;Partia Faszystowska;Partido Fascista;Partito Fascista;Fasiszta P0rt;Fa0istick0 Strana;Fasiszta P0rt;Fascistische Partij;Partido Fascista;;Fasistinenpuolue;
GRI_liberal;Liberal Party;Parti Lib0ral;Liberale Partei;Partia Liberalna;Partido Liberal;Partito Liberale;Liber0lis P0rt;Liber0ln0 Strana;Liber0lis P0rt;Liberale Partij;Partido Liberal;;Liberaalipuolue;
GRI_reactionary;National Party;Parti National;Nationale Partei;Partia Narodowa;Partido Nacional;Partito Nazionale;Nemzeti P0rt;N0rodn0 Strana;Nemzeti P0rt;Nationale Partij;Partido Nacional;;Kansallispuolue;
GRI_socialist;Socialist Party;Parti Socialiste;Sozialistische Partei;Partia Socjalistyczna;Partido Socialista;Partito Socialista;Szocialista P0rt;Socialistick0 Strana;Szocialista P0rt;Socialistische Partij;Partido Socialista;;Sosialistinenpuolue;
GRJ_radical;Radical Party;Parti Radical;Radikale Partei;Partia Radykalna;Partido Radical;Partito Radicale;Radik0lis P0rt;Radik0ln0 Strana;Radik0lis P0rt;Radicale Partij;Partido Radical;;Radikaalipuolue;
GRJ_communist;Communist Party;Parti Communiste;Kommunistische Partei;Partia Komunistyczna;Partido Comunista;Partito Comunista;Kommunista P0rt;Komunistick0 Strana;Kommunista P0rt;Communistische Partij;Partido Comunista;;Kommunistinenpuolue;
GRJ_conservative;Conservative Party;Parti Conservateur;Konservative Partei;Partia Konserwatywna;Partido Conservador;Partito Conservatore;Konzervat0v P0rt;Konzervativn0 Strana;Konzervat0v P0rt;Conservatieve Partij;Partido Conservador;;Konservatiivipuolue;
GRJ_fascist;Fascist Party;Parti Fasciste;Faschistische Partei;Partia Faszystowska;Partido Fascista;Partito Fascista;Fasiszta P0rt;Fa0istick0 Strana;Fasiszta P0rt;Fascistische Partij;Partido Fascista;;Fasistinenpuolue;
GRJ_liberal;Liberal Party;Parti Lib0ral;Liberale Partei;Partia Liberalna;Partido Liberal;Partito Liberale;Liber0lis P0rt;Liber0ln0 Strana;Liber0lis P0rt;Liberale Partij;Partido Liberal;;Liberaalipuolue;
GRJ_reactionary;National Party;Parti National;Nationale Partei;Partia Narodowa;Partido Nacional;Partito Nazionale;Nemzeti P0rt;N0rodn0 Strana;Nemzeti P0rt;Nationale Partij;Partido Nacional;;Kansallispuolue;
GRJ_socialist;Socialist Party;Parti Socialiste;Sozialistische Partei;Partia Socjalistyczna;Partido Socialista;Partito Socialista;Szocialista P0rt;Socialistick0 Strana;Szocialista P0rt;Socialistische Partij;Partido Socialista;;Sosialistinenpuolue;
GRK;Gorkha;Gorkhâ;Gorkha;Gorkha;Gorkha;Gorkha;Gorkha;Gorkha;Gorkha;Gorkha;Gorkha;Gorkha;Gorkha;
GRK_ADJ;Gorkhan;gorkhî;Gorkhanisch;Gorkhan;gorjano;Gorkhan;Gorkhan;Gorkhan;Gorkhan;Gorkhan;Gorkhan;Gorkhan;Gorkhan;
GRK_radical;Radical Party;Parti Radical;Radikale Partei;Partia Radykalna;Partido Radical;Partito Radicale;Radik0lis P0rt;Radik0ln0 Strana;Radik0lis P0rt;Radicale Partij;Partido Radical;;Radikaalipuolue;
GRK_communist;Communist Party;Parti Communiste;Kommunistische Partei;Partia Komunistyczna;Partido Comunista;Partito Comunista;Kommunista P0rt;Komunistick0 Strana;Kommunista P0rt;Communistische Partij;Partido Comunista;;Kommunistinenpuolue;
GRK_conservative;Conservative Party;Parti Conservateur;Konservative Partei;Partia Konserwatywna;Partido Conservador;Partito Conservatore;Konzervat0v P0rt;Konzervativn0 Strana;Konzervat0v P0rt;Conservatieve Partij;Partido Conservador;;Konservatiivipuolue;
GRK_fascist;Fascist Party;Parti Fasciste;Faschistische Partei;Partia Faszystowska;Partido Fascista;Partito Fascista;Fasiszta P0rt;Fa0istick0 Strana;Fasiszta P0rt;Fascistische Partij;Partido Fascista;;Fasistinenpuolue;
GRK_liberal;Liberal Party;Parti Lib0ral;Liberale Partei;Partia Liberalna;Partido Liberal;Partito Liberale;Liber0lis P0rt;Liber0ln0 Strana;Liber0lis P0rt;Liberale Partij;Partido Liberal;;Liberaalipuolue;
GRK_reactionary;National Party;Parti National;Nationale Partei;Partia Narodowa;Partido Nacional;Partito Nazionale;Nemzeti P0rt;N0rodn0 Strana;Nemzeti P0rt;Nationale Partij;Partido Nacional;;Kansallispuolue;
GRK_socialist;Socialist Party;Parti Socialiste;Sozialistische Partei;Partia Socjalistyczna;Partido Socialista;Partito Socialista;Szocialista P0rt;Socialistick0 Strana;Szocialista P0rt;Socialistische Partij;Partido Socialista;;Sosialistinenpuolue;
GUG;Guge;Gugé;Guge;Guge;Guge;Guge;Guge;Guge;Guge;Guge;Guge;Guge;Guge;
GUG_ADJ;Gugi;gougi;Gugisch;Gugi;gugi;Gugi;Gugi;Gugi;Gugi;Gugi;Gugi;Gugi;Gugi;
GUG_radical;Radical Party;Parti Radical;Radikale Partei;Partia Radykalna;Partido Radical;Partito Radicale;Radik0lis P0rt;Radik0ln0 Strana;Radik0lis P0rt;Radicale Partij;Partido Radical;;Radikaalipuolue;
GUG_communist;Communist Party;Parti Communiste;Kommunistische Partei;Partia Komunistyczna;Partido Comunista;Partito Comunista;Kommunista P0rt;Komunistick0 Strana;Kommunista P0rt;Communistische Partij;Partido Comunista;;Kommunistinenpuolue;
GUG_conservative;Conservative Party;Parti Conservateur;Konservative Partei;Partia Konserwatywna;Partido Conservador;Partito Conservatore;Konzervat0v P0rt;Konzervativn0 Strana;Konzervat0v P0rt;Conservatieve Partij;Partido Conservador;;Konservatiivipuolue;
GUG_fascist;Fascist Party;Parti Fasciste;Faschistische Partei;Partia Faszystowska;Partido Fascista;Partito Fascista;Fasiszta P0rt;Fa0istick0 Strana;Fasiszta P0rt;Fascistische Partij;Partido Fascista;;Fasistinenpuolue;
GUG_liberal;Liberal Party;Parti Lib0ral;Liberale Partei;Partia Liberalna;Partido Liberal;Partito Liberale;Liber0lis P0rt;Liber0ln0 Strana;Liber0lis P0rt;Liberale Partij;Partido Liberal;;Liberaalipuolue;
GUG_reactionary;National Party;Parti National;Nationale Partei;Partia Narodowa;Partido Nacional;Partito Nazionale;Nemzeti P0rt;N0rodn0 Strana;Nemzeti P0rt;Nationale Partij;Partido Nacional;;Kansallispuolue;
GUG_socialist;Socialist Party;Parti Socialiste;Sozialistische Partei;Partia Socjalistyczna;Partido Socialista;Partito Socialista;Szocialista P0rt;Socialistick0 Strana;Szocialista P0rt;Socialistische Partij;Partido Socialista;;Sosialistinenpuolue;
GZK;Gazikumukh;Gazikumukh;Gazikumukh;Gazikumukh;Gazikumukh;Gazikumukh;Gazikumukh;Gazikumukh;Gazikumukh;Gazikumukh;Gazikumukh;Gazikumukh;Gazikumukh;
GZK_ADJ;Gazikumukhan;gazikumukhienne;Gazikumukhanisch;Gazikumukhan;gazikumukhano;Gazikumukhan;Gazikumukhan;Gazikumukhan;Gazikumukhan;Gazikumukhan;Gazikumukhan;Gazikumukhan;Gazikumukhan;
GZK_radical;Radical Party;Parti Radical;Radikale Partei;Partia Radykalna;Partido Radical;Partito Radicale;Radik0lis P0rt;Radik0ln0 Strana;Radik0lis P0rt;Radicale Partij;Partido Radical;;Radikaalipuolue;
GZK_communist;Communist Party;Parti Communiste;Kommunistische Partei;Partia Komunistyczna;Partido Comunista;Partito Comunista;Kommunista P0rt;Komunistick0 Strana;Kommunista P0rt;Communistische Partij;Partido Comunista;;Kommunistinenpuolue;
GZK_conservative;Conservative Party;Parti Conservateur;Konservative Partei;Partia Konserwatywna;Partido Conservador;Partito Conservatore;Konzervat0v P0rt;Konzervativn0 Strana;Konzervat0v P0rt;Conservatieve Partij;Partido Conservador;;Konservatiivipuolue;
GZK_fascist;Fascist Party;Parti Fasciste;Faschistische Partei;Partia Faszystowska;Partido Fascista;Partito Fascista;Fasiszta P0rt;Fa0istick0 Strana;Fasiszta P0rt;Fascistische Partij;Partido Fascista;;Fasistinenpuolue;
GZK_liberal;Liberal Party;Parti Lib0ral;Liberale Partei;Partia Liberalna;Partido Liberal;Partito Liberale;Liber0lis P0rt;Liber0ln0 Strana;Liber0lis P0rt;Liberale Partij;Partido Liberal;;Liberaalipuolue;
GZK_reactionary;National Party;Parti National;Nationale Partei;Partia Narodowa;Partido Nacional;Partito Nazionale;Nemzeti P0rt;N0rodn0 Strana;Nemzeti P0rt;Nationale Partij;Partido Nacional;;Kansallispuolue;
GZK_socialist;Socialist Party;Parti Socialiste;Sozialistische Partei;Partia Socjalistyczna;Partido Socialista;Partito Socialista;Szocialista P0rt;Socialistick0 Strana;Szocialista P0rt;Socialistische Partij;Partido Socialista;;Sosialistinenpuolue;
HAD;Hadoti;Hadotî;Hadoti;Hadoti;Hadoti;Hadoti;Hadoti;Hadoti;Hadoti;Hadoti;Hadoti;Hadoti;Hadoti;
HAD_ADJ;Hadoti;hadotî;Hadotisch;Hadoti;hadoti;Hadoti;Hadoti;Hadoti;Hadoti;Hadoti;Hadoti;Hadoti;Hadoti;
HAD_radical;Radical Party;Parti Radical;Radikale Partei;Partia Radykalna;Partido Radical;Partito Radicale;Radik0lis P0rt;Radik0ln0 Strana;Radik0lis P0rt;Radicale Partij;Partido Radical;;Radikaalipuolue;
HAD_communist;Communist Party;Parti Communiste;Kommunistische Partei;Partia Komunistyczna;Partido Comunista;Partito Comunista;Kommunista P0rt;Komunistick0 Strana;Kommunista P0rt;Communistische Partij;Partido Comunista;;Kommunistinenpuolue;
HAD_conservative;Conservative Party;Parti Conservateur;Konservative Partei;Partia Konserwatywna;Partido Conservador;Partito Conservatore;Konzervat0v P0rt;Konzervativn0 Strana;Konzervat0v P0rt;Conservatieve Partij;Partido Conservador;;Konservatiivipuolue;
HAD_fascist;Fascist Party;Parti Fasciste;Faschistische Partei;Partia Faszystowska;Partido Fascista;Partito Fascista;Fasiszta P0rt;Fa0istick0 Strana;Fasiszta P0rt;Fascistische Partij;Partido Fascista;;Fasistinenpuolue;
HAD_liberal;Liberal Party;Parti Lib0ral;Liberale Partei;Partia Liberalna;Partido Liberal;Partito Liberale;Liber0lis P0rt;Liber0ln0 Strana;Liber0lis P0rt;Liberale Partij;Partido Liberal;;Liberaalipuolue;
HAD_reactionary;National Party;Parti National;Nationale Partei;Partia Narodowa;Partido Nacional;Partito Nazionale;Nemzeti P0rt;N0rodn0 Strana;Nemzeti P0rt;Nationale Partij;Partido Nacional;;Kansallispuolue;
HAD_socialist;Socialist Party;Parti Socialiste;Sozialistische Partei;Partia Socjalistyczna;Partido Socialista;Partito Socialista;Szocialista P0rt;Socialistick0 Strana;Szocialista P0rt;Socialistische Partij;Partido Socialista;;Sosialistinenpuolue;
HDA;Haida;Haïdas;Haida;Haida;Haida;Haida;Haida;Haida;Haida;Haida;Haida;Haida;Haida;
HDA_ADJ;Haida;haïda;Haidaisch;Haida;haida;Haida;Haida;Haida;Haida;Haida;Haida;Haida;Haida;
HDA_radical;Radical Party;Parti Radical;Radikale Partei;Partia Radykalna;Partido Radical;Partito Radicale;Radik0lis P0rt;Radik0ln0 Strana;Radik0lis P0rt;Radicale Partij;Partido Radical;;Radikaalipuolue;
HDA_communist;Communist Party;Parti Communiste;Kommunistische Partei;Partia Komunistyczna;Partido Comunista;Partito Comunista;Kommunista P0rt;Komunistick0 Strana;Kommunista P0rt;Communistische Partij;Partido Comunista;;Kommunistinenpuolue;
HDA_conservative;Conservative Party;Parti Conservateur;Konservative Partei;Partia Konserwatywna;Partido Conservador;Partito Conservatore;Konzervat0v P0rt;Konzervativn0 Strana;Konzervat0v P0rt;Conservatieve Partij;Partido Conservador;;Konservatiivipuolue;
HDA_fascist;Fascist Party;Parti Fasciste;Faschistische Partei;Partia Faszystowska;Partido Fascista;Partito Fascista;Fasiszta P0rt;Fa0istick0 Strana;Fasiszta P0rt;Fascistische Partij;Partido Fascista;;Fasistinenpuolue;
HDA_liberal;Liberal Party;Parti Lib0ral;Liberale Partei;Partia Liberalna;Partido Liberal;Partito Liberale;Liber0lis P0rt;Liber0ln0 Strana;Liber0lis P0rt;Liberale Partij;Partido Liberal;;Liberaalipuolue;
HDA_reactionary;National Party;Parti National;Nationale Partei;Partia Narodowa;Partido Nacional;Partito Nazionale;Nemzeti P0rt;N0rodn0 Strana;Nemzeti P0rt;Nationale Partij;Partido Nacional;;Kansallispuolue;
HDA_socialist;Socialist Party;Parti Socialiste;Sozialistische Partei;Partia Socjalistyczna;Partido Socialista;Partito Socialista;Szocialista P0rt;Socialistick0 Strana;Szocialista P0rt;Socialistische Partij;Partido Socialista;;Sosialistinenpuolue;
HDR;Hadramut;Hadramaout;Hadramaut;Hadramut;Hadramut;Hadramut;Hadramut;Hadramut;Hadramut;Hadramut;Hadramut;Hadramut;Hadramut;
HDR_ADJ;Hadramhi;hadramaoute;Hadramautisch;Hadramhi;hadramutí;Hadramhi;Hadramhi;Hadramhi;Hadramhi;Hadramhi;Hadramhi;Hadramhi;Hadramhi;
HDR_radical;Radical Party;Parti Radical;Radikale Partei;Partia Radykalna;Partido Radical;Partito Radicale;Radik0lis P0rt;Radik0ln0 Strana;Radik0lis P0rt;Radicale Partij;Partido Radical;;Radikaalipuolue;
HDR_communist;Communist Party;Parti Communiste;Kommunistische Partei;Partia Komunistyczna;Partido Comunista;Partito Comunista;Kommunista P0rt;Komunistick0 Strana;Kommunista P0rt;Communistische Partij;Partido Comunista;;Kommunistinenpuolue;
HDR_conservative;Conservative Party;Parti Conservateur;Konservative Partei;Partia Konserwatywna;Partido Conservador;Partito Conservatore;Konzervat0v P0rt;Konzervativn0 Strana;Konzervat0v P0rt;Conservatieve Partij;Partido Conservador;;Konservatiivipuolue;
HDR_fascist;Fascist Party;Parti Fasciste;Faschistische Partei;Partia Faszystowska;Partido Fascista;Partito Fascista;Fasiszta P0rt;Fa0istick0 Strana;Fasiszta P0rt;Fascistische Partij;Partido Fascista;;Fasistinenpuolue;
HDR_liberal;Liberal Party;Parti Lib0ral;Liberale Partei;Partia Liberalna;Partido Liberal;Partito Liberale;Liber0lis P0rt;Liber0ln0 Strana;Liber0lis P0rt;Liberale Partij;Partido Liberal;;Liberaalipuolue;
HDR_reactionary;National Party;Parti National;Nationale Partei;Partia Narodowa;Partido Nacional;Partito Nazionale;Nemzeti P0rt;N0rodn0 Strana;Nemzeti P0rt;Nationale Partij;Partido Nacional;;Kansallispuolue;
HDR_socialist;Socialist Party;Parti Socialiste;Sozialistische Partei;Partia Socjalistyczna;Partido Socialista;Partito Socialista;Szocialista P0rt;Socialistick0 Strana;Szocialista P0rt;Socialistische Partij;Partido Socialista;;Sosialistinenpuolue;
HJA;Huyla;Huyla;Huánuco;Huyla;Huyla;Huyla;Huyla;Huyla;Huyla;Huyla;Huyla;Huyla;Huyla;
HJA_ADJ;Huylan;huyléenne;Huánucoanisch;Huylan;huyleño;Huylan;Huylan;Huylan;Huylan;Huylan;Huylan;Huylan;Huylan;
HJA_radical;Radical Party;Parti Radical;Radikale Partei;Partia Radykalna;Partido Radical;Partito Radicale;Radik0lis P0rt;Radik0ln0 Strana;Radik0lis P0rt;Radicale Partij;Partido Radical;;Radikaalipuolue;
HJA_communist;Communist Party;Parti Communiste;Kommunistische Partei;Partia Komunistyczna;Partido Comunista;Partito Comunista;Kommunista P0rt;Komunistick0 Strana;Kommunista P0rt;Communistische Partij;Partido Comunista;;Kommunistinenpuolue;
HJA_conservative;Conservative Party;Parti Conservateur;Konservative Partei;Partia Konserwatywna;Partido Conservador;Partito Conservatore;Konzervat0v P0rt;Konzervativn0 Strana;Konzervat0v P0rt;Conservatieve Partij;Partido Conservador;;Konservatiivipuolue;
HJA_fascist;Fascist Party;Parti Fasciste;Faschistische Partei;Partia Faszystowska;Partido Fascista;Partito Fascista;Fasiszta P0rt;Fa0istick0 Strana;Fasiszta P0rt;Fascistische Partij;Partido Fascista;;Fasistinenpuolue;
HJA_liberal;Liberal Party;Parti Lib0ral;Liberale Partei;Partia Liberalna;Partido Liberal;Partito Liberale;Liber0lis P0rt;Liber0ln0 Strana;Liber0lis P0rt;Liberale Partij;Partido Liberal;;Liberaalipuolue;
HJA_reactionary;National Party;Parti National;Nationale Partei;Partia Narodowa;Partido Nacional;Partito Nazionale;Nemzeti P0rt;N0rodn0 Strana;Nemzeti P0rt;Nationale Partij;Partido Nacional;;Kansallispuolue;
HJA_socialist;Socialist Party;Parti Socialiste;Sozialistische Partei;Partia Socjalistyczna;Partido Socialista;Partito Socialista;Szocialista P0rt;Socialistick0 Strana;Szocialista P0rt;Socialistische Partij;Partido Socialista;;Sosialistinenpuolue;
HMI;Kara Del;Qara Del;Kara-Del;Karadel;Kara Del;Karadel;Karadel;Karadel;Karadel;Karadel;Karadel;Karadel;Karadel;
HMI_ADJ;Kara Del;qara del;Kara-Delisch;Kara Del;karadelino;Kara Del;Kara Del;Kara Del;Kara Del;Kara Del;Kara Del;Kara Del;Kara Del;
HMI_radical;Radical Party;Parti Radical;Radikale Partei;Partia Radykalna;Partido Radical;Partito Radicale;Radik0lis P0rt;Radik0ln0 Strana;Radik0lis P0rt;Radicale Partij;Partido Radical;;Radikaalipuolue;
HMI_communist;Communist Party;Parti Communiste;Kommunistische Partei;Partia Komunistyczna;Partido Comunista;Partito Comunista;Kommunista P0rt;Komunistick0 Strana;Kommunista P0rt;Communistische Partij;Partido Comunista;;Kommunistinenpuolue;
HMI_conservative;Conservative Party;Parti Conservateur;Konservative Partei;Partia Konserwatywna;Partido Conservador;Partito Conservatore;Konzervat0v P0rt;Konzervativn0 Strana;Konzervat0v P0rt;Conservatieve Partij;Partido Conservador;;Konservatiivipuolue;
HMI_fascist;Fascist Party;Parti Fasciste;Faschistische Partei;Partia Faszystowska;Partido Fascista;Partito Fascista;Fasiszta P0rt;Fa0istick0 Strana;Fasiszta P0rt;Fascistische Partij;Partido Fascista;;Fasistinenpuolue;
HMI_liberal;Liberal Party;Parti Lib0ral;Liberale Partei;Partia Liberalna;Partido Liberal;Partito Liberale;Liber0lis P0rt;Liber0ln0 Strana;Liber0lis P0rt;Liberale Partij;Partido Liberal;;Liberaalipuolue;
HMI_reactionary;National Party;Parti National;Nationale Partei;Partia Narodowa;Partido Nacional;Partito Nazionale;Nemzeti P0rt;N0rodn0 Strana;Nemzeti P0rt;Nationale Partij;Partido Nacional;;Kansallispuolue;
HMI_socialist;Socialist Party;Parti Socialiste;Sozialistische Partei;Partia Socjalistyczna;Partido Socialista;Partito Socialista;Szocialista P0rt;Socialistick0 Strana;Szocialista P0rt;Socialistische Partij;Partido Socialista;;Sosialistinenpuolue;
HOD;Khodynt;Khodynts;Khodynt;Hodyntsy;Khodynt;Hodyntsy;Hodyntsy;Hodyntsy;Hodyntsy;Hodyntsy;Hodyntsy;Hodyntsy;Hodyntsy;
HOD_ADJ;Khodyntian;khodynt;Khodyntianisch;Khodyntian;khodyntio;Khodyntian;Khodyntian;Khodyntian;Khodyntian;Khodyntian;Khodyntian;Khodyntian;Khodyntian;
HOD_radical;Radical Party;Parti Radical;Radikale Partei;Partia Radykalna;Partido Radical;Partito Radicale;Radik0lis P0rt;Radik0ln0 Strana;Radik0lis P0rt;Radicale Partij;Partido Radical;;Radikaalipuolue;
HOD_communist;Communist Party;Parti Communiste;Kommunistische Partei;Partia Komunistyczna;Partido Comunista;Partito Comunista;Kommunista P0rt;Komunistick0 Strana;Kommunista P0rt;Communistische Partij;Partido Comunista;;Kommunistinenpuolue;
HOD_conservative;Conservative Party;Parti Conservateur;Konservative Partei;Partia Konserwatywna;Partido Conservador;Partito Conservatore;Konzervat0v P0rt;Konzervativn0 Strana;Konzervat0v P0rt;Conservatieve Partij;Partido Conservador;;Konservatiivipuolue;
HOD_fascist;Fascist Party;Parti Fasciste;Faschistische Partei;Partia Faszystowska;Partido Fascista;Partito Fascista;Fasiszta P0rt;Fa0istick0 Strana;Fasiszta P0rt;Fascistische Partij;Partido Fascista;;Fasistinenpuolue;
HOD_liberal;Liberal Party;Parti Lib0ral;Liberale Partei;Partia Liberalna;Partido Liberal;Partito Liberale;Liber0lis P0rt;Liber0ln0 Strana;Liber0lis P0rt;Liberale Partij;Partido Liberal;;Liberaalipuolue;
HOD_reactionary;National Party;Parti National;Nationale Partei;Partia Narodowa;Partido Nacional;Partito Nazionale;Nemzeti P0rt;N0rodn0 Strana;Nemzeti P0rt;Nationale Partij;Partido Nacional;;Kansallispuolue;
HOD_socialist;Socialist Party;Parti Socialiste;Sozialistische Partei;Partia Socjalistyczna;Partido Socialista;Partito Socialista;Szocialista P0rt;Socialistick0 Strana;Szocialista P0rt;Socialistische Partij;Partido Socialista;;Sosialistinenpuolue;
HSE;Hsenwi;Hsenwi;Hsenwi;Hsenwi;Hsenwi;Hsenwi;Hsenwi;Hsenwi;Hsenwi;Hsenwi;Hsenwi;Hsenwi;Hsenwi;
HSE_ADJ;Hsenwi;hsenwi;Hsenwisch;Hsenwi;hsenwi;Hsenwi;Hsenwi;Hsenwi;Hsenwi;Hsenwi;Hsenwi;Hsenwi;Hsenwi;
HSE_radical;Radical Party;Parti Radical;Radikale Partei;Partia Radykalna;Partido Radical;Partito Radicale;Radik0lis P0rt;Radik0ln0 Strana;Radik0lis P0rt;Radicale Partij;Partido Radical;;Radikaalipuolue;
HSE_communist;Communist Party;Parti Communiste;Kommunistische Partei;Partia Komunistyczna;Partido Comunista;Partito Comunista;Kommunista P0rt;Komunistick0 Strana;Kommunista P0rt;Communistische Partij;Partido Comunista;;Kommunistinenpuolue;
HSE_conservative;Conservative Party;Parti Conservateur;Konservative Partei;Partia Konserwatywna;Partido Conservador;Partito Conservatore;Konzervat0v P0rt;Konzervativn0 Strana;Konzervat0v P0rt;Conservatieve Partij;Partido Conservador;;Konservatiivipuolue;
HSE_fascist;Fascist Party;Parti Fasciste;Faschistische Partei;Partia Faszystowska;Partido Fascista;Partito Fascista;Fasiszta P0rt;Fa0istick0 Strana;Fasiszta P0rt;Fascistische Partij;Partido Fascista;;Fasistinenpuolue;
HSE_liberal;Liberal Party;Parti Lib0ral;Liberale Partei;Partia Liberalna;Partido Liberal;Partito Liberale;Liber0lis P0rt;Liber0ln0 Strana;Liber0lis P0rt;Liberale Partij;Partido Liberal;;Liberaalipuolue;
HSE_reactionary;National Party;Parti National;Nationale Partei;Partia Narodowa;Partido Nacional;Partito Nazionale;Nemzeti P0rt;N0rodn0 Strana;Nemzeti P0rt;Nationale Partij;Partido Nacional;;Kansallispuolue;
HSE_socialist;Socialist Party;Parti Socialiste;Sozialistische Partei;Partia Socjalistyczna;Partido Socialista;Partito Socialista;Szocialista P0rt;Socialistick0 Strana;Szocialista P0rt;Socialistische Partij;Partido Socialista;;Sosialistinenpuolue;
HSI;Hsipaw;Hsipaw;Hsipaw;Hsipaw;Hsipaw;Hsipaw;Hsipaw;Hsipaw;Hsipaw;Hsipaw;Hsipaw;Hsipaw;Hsipaw;
HSI_ADJ;Hsipaw;hsipaw;Hsipawisch;Hsipaw;hsipawí;Hsipaw;Hsipaw;Hsipaw;Hsipaw;Hsipaw;Hsipaw;Hsipaw;Hsipaw;
HSI_radical;Radical Party;Parti Radical;Radikale Partei;Partia Radykalna;Partido Radical;Partito Radicale;Radik0lis P0rt;Radik0ln0 Strana;Radik0lis P0rt;Radicale Partij;Partido Radical;;Radikaalipuolue;
HSI_communist;Communist Party;Parti Communiste;Kommunistische Partei;Partia Komunistyczna;Partido Comunista;Partito Comunista;Kommunista P0rt;Komunistick0 Strana;Kommunista P0rt;Communistische Partij;Partido Comunista;;Kommunistinenpuolue;
HSI_conservative;Conservative Party;Parti Conservateur;Konservative Partei;Partia Konserwatywna;Partido Conservador;Partito Conservatore;Konzervat0v P0rt;Konzervativn0 Strana;Konzervat0v P0rt;Conservatieve Partij;Partido Conservador;;Konservatiivipuolue;
HSI_fascist;Fascist Party;Parti Fasciste;Faschistische Partei;Partia Faszystowska;Partido Fascista;Partito Fascista;Fasiszta P0rt;Fa0istick0 Strana;Fasiszta P0rt;Fascistische Partij;Partido Fascista;;Fasistinenpuolue;
HSI_liberal;Liberal Party;Parti Lib0ral;Liberale Partei;Partia Liberalna;Partido Liberal;Partito Liberale;Liber0lis P0rt;Liber0ln0 Strana;Liber0lis P0rt;Liberale Partij;Partido Liberal;;Liberaalipuolue;
HSI_reactionary;National Party;Parti National;Nationale Partei;Partia Narodowa;Partido Nacional;Partito Nazionale;Nemzeti P0rt;N0rodn0 Strana;Nemzeti P0rt;Nationale Partij;Partido Nacional;;Kansallispuolue;
HSI_socialist;Socialist Party;Parti Socialiste;Sozialistische Partei;Partia Socjalistyczna;Partido Socialista;Partito Socialista;Szocialista P0rt;Socialistick0 Strana;Szocialista P0rt;Socialistische Partij;Partido Socialista;;Sosialistinenpuolue;
HST;Huastec;Huaxtèques;Huaxtek;Huastec;Huastec;Huastec;Huastec;Huastec;Huastec;Huastec;Huastec;Huastec;Huastec;
HST_ADJ;Huastec;huaxtèque;Huaxtekisch;Huastec;huasteco;Huastec;Huastec;Huastec;Huastec;Huastec;Huastec;Huastec;Huastec;
HST_radical;Radical Party;Parti Radical;Radikale Partei;Partia Radykalna;Partido Radical;Partito Radicale;Radik0lis P0rt;Radik0ln0 Strana;Radik0lis P0rt;Radicale Partij;Partido Radical;;Radikaalipuolue;
HST_communist;Communist Party;Parti Communiste;Kommunistische Partei;Partia Komunistyczna;Partido Comunista;Partito Comunista;Kommunista P0rt;Komunistick0 Strana;Kommunista P0rt;Communistische Partij;Partido Comunista;;Kommunistinenpuolue;
HST_conservative;Conservative Party;Parti Conservateur;Konservative Partei;Partia Konserwatywna;Partido Conservador;Partito Conservatore;Konzervat0v P0rt;Konzervativn0 Strana;Konzervat0v P0rt;Conservatieve Partij;Partido Conservador;;Konservatiivipuolue;
HST_fascist;Fascist Party;Parti Fasciste;Faschistische Partei;Partia Faszystowska;Partido Fascista;Partito Fascista;Fasiszta P0rt;Fa0istick0 Strana;Fasiszta P0rt;Fascistische Partij;Partido Fascista;;Fasistinenpuolue;
HST_liberal;Liberal Party;Parti Lib0ral;Liberale Partei;Partia Liberalna;Partido Liberal;Partito Liberale;Liber0lis P0rt;Liber0ln0 Strana;Liber0lis P0rt;Liberale Partij;Partido Liberal;;Liberaalipuolue;
HST_reactionary;National Party;Parti National;Nationale Partei;Partia Narodowa;Partido Nacional;Partito Nazionale;Nemzeti P0rt;N0rodn0 Strana;Nemzeti P0rt;Nationale Partij;Partido Nacional;;Kansallispuolue;
HST_socialist;Socialist Party;Parti Socialiste;Sozialistische Partei;Partia Socjalistyczna;Partido Socialista;Partito Socialista;Szocialista P0rt;Socialistick0 Strana;Szocialista P0rt;Socialistische Partij;Partido Socialista;;Sosialistinenpuolue;
ICM;Ichma;Ichmas;Ichma;Ichma;Ichma;Ichma;Ichma;Ichma;Ichma;Ichma;Ichma;Ichma;Ichma;
ICM_ADJ;Ichman;ichma;Ichmaisch;Ichman;ichma;Ichman;Ichman;Ichman;Ichman;Ichman;Ichman;Ichman;Ichman;
ICM_radical;Radical Party;Parti Radical;Radikale Partei;Partia Radykalna;Partido Radical;Partito Radicale;Radik0lis P0rt;Radik0ln0 Strana;Radik0lis P0rt;Radicale Partij;Partido Radical;;Radikaalipuolue;
ICM_communist;Communist Party;Parti Communiste;Kommunistische Partei;Partia Komunistyczna;Partido Comunista;Partito Comunista;Kommunista P0rt;Komunistick0 Strana;Kommunista P0rt;Communistische Partij;Partido Comunista;;Kommunistinenpuolue;
ICM_conservative;Conservative Party;Parti Conservateur;Konservative Partei;Partia Konserwatywna;Partido Conservador;Partito Conservatore;Konzervat0v P0rt;Konzervativn0 Strana;Konzervat0v P0rt;Conservatieve Partij;Partido Conservador;;Konservatiivipuolue;
ICM_fascist;Fascist Party;Parti Fasciste;Faschistische Partei;Partia Faszystowska;Partido Fascista;Partito Fascista;Fasiszta P0rt;Fa0istick0 Strana;Fasiszta P0rt;Fascistische Partij;Partido Fascista;;Fasistinenpuolue;
ICM_liberal;Liberal Party;Parti Lib0ral;Liberale Partei;Partia Liberalna;Partido Liberal;Partito Liberale;Liber0lis P0rt;Liber0ln0 Strana;Liber0lis P0rt;Liberale Partij;Partido Liberal;;Liberaalipuolue;
ICM_reactionary;National Party;Parti National;Nationale Partei;Partia Narodowa;Partido Nacional;Partito Nazionale;Nemzeti P0rt;N0rodn0 Strana;Nemzeti P0rt;Nationale Partij;Partido Nacional;;Kansallispuolue;
ICM_socialist;Socialist Party;Parti Socialiste;Sozialistische Partei;Partia Socjalistyczna;Partido Socialista;Partito Socialista;Szocialista P0rt;Socialistick0 Strana;Szocialista P0rt;Socialistische Partij;Partido Socialista;;Sosialistinenpuolue;
IDR;Idar;Îdar;Idar;Idar;Idar;Idar;Idar;Idar;Idar;Idar;Idar;Idar;Idar;
IDR_ADJ;Idari;îdari;Idarisch;Idari;Idarí;Idari;Idari;Idari;Idari;Idari;Idari;Idari;Idari;
IDR_radical;Radical Party;Parti Radical;Radikale Partei;Partia Radykalna;Partido Radical;Partito Radicale;Radik0lis P0rt;Radik0ln0 Strana;Radik0lis P0rt;Radicale Partij;Partido Radical;;Radikaalipuolue;
IDR_communist;Communist Party;Parti Communiste;Kommunistische Partei;Partia Komunistyczna;Partido Comunista;Partito Comunista;Kommunista P0rt;Komunistick0 Strana;Kommunista P0rt;Communistische Partij;Partido Comunista;;Kommunistinenpuolue;
IDR_conservative;Conservative Party;Parti Conservateur;Konservative Partei;Partia Konserwatywna;Partido Conservador;Partito Conservatore;Konzervat0v P0rt;Konzervativn0 Strana;Konzervat0v P0rt;Conservatieve Partij;Partido Conservador;;Konservatiivipuolue;
IDR_fascist;Fascist Party;Parti Fasciste;Faschistische Partei;Partia Faszystowska;Partido Fascista;Partito Fascista;Fasiszta P0rt;Fa0istick0 Strana;Fasiszta P0rt;Fascistische Partij;Partido Fascista;;Fasistinenpuolue;
IDR_liberal;Liberal Party;Parti Lib0ral;Liberale Partei;Partia Liberalna;Partido Liberal;Partito Liberale;Liber0lis P0rt;Liber0ln0 Strana;Liber0lis P0rt;Liberale Partij;Partido Liberal;;Liberaalipuolue;
IDR_reactionary;National Party;Parti National;Nationale Partei;Partia Narodowa;Partido Nacional;Partito Nazionale;Nemzeti P0rt;N0rodn0 Strana;Nemzeti P0rt;Nationale Partij;Partido Nacional;;Kansallispuolue;
IDR_socialist;Socialist Party;Parti Socialiste;Sozialistische Partei;Partia Socjalistyczna;Partido Socialista;Partito Socialista;Szocialista P0rt;Socialistick0 Strana;Szocialista P0rt;Socialistische Partij;Partido Socialista;;Sosialistinenpuolue;
ILL_radical;Radical Party;Parti Radical;Radikale Partei;Partia Radykalna;Partido Radical;Partito Radicale;Radik0lis P0rt;Radik0ln0 Strana;Radik0lis P0rt;Radicale Partij;Partido Radical;;Radikaalipuolue;
ILL_communist;Communist Party;Parti Communiste;Kommunistische Partei;Partia Komunistyczna;Partido Comunista;Partito Comunista;Kommunista P0rt;Komunistick0 Strana;Kommunista P0rt;Communistische Partij;Partido Comunista;;Kommunistinenpuolue;
ILL_conservative;Conservative Party;Parti Conservateur;Konservative Partei;Partia Konserwatywna;Partido Conservador;Partito Conservatore;Konzervat0v P0rt;Konzervativn0 Strana;Konzervat0v P0rt;Conservatieve Partij;Partido Conservador;;Konservatiivipuolue;
ILL_fascist;Fascist Party;Parti Fasciste;Faschistische Partei;Partia Faszystowska;Partido Fascista;Partito Fascista;Fasiszta P0rt;Fa0istick0 Strana;Fasiszta P0rt;Fascistische Partij;Partido Fascista;;Fasistinenpuolue;
ILL_liberal;Liberal Party;Parti Lib0ral;Liberale Partei;Partia Liberalna;Partido Liberal;Partito Liberale;Liber0lis P0rt;Liber0ln0 Strana;Liber0lis P0rt;Liberale Partij;Partido Liberal;;Liberaalipuolue;
ILL_reactionary;National Party;Parti National;Nationale Partei;Partia Narodowa;Partido Nacional;Partito Nazionale;Nemzeti P0rt;N0rodn0 Strana;Nemzeti P0rt;Nationale Partij;Partido Nacional;;Kansallispuolue;
ILL_socialist;Socialist Party;Parti Socialiste;Sozialistische Partei;Partia Socjalistyczna;Partido Socialista;Partito Socialista;Szocialista P0rt;Socialistick0 Strana;Szocialista P0rt;Socialistische Partij;Partido Socialista;;Sosialistinenpuolue;
IME;Imereti;Iméréthie;Imeretien;Imereti;Imericia;Imereti;Imereti;Imereti;Imereti;Imereti;Imereti;Imereti;Imereti;
IME_ADJ;Imeretian;iméréthienne;Imeretisch;Imeretian;imericio;Imeretian;Imeretian;Imeretian;Imeretian;Imeretian;Imeretian;Imeretian;Imeretian;
IME_radical;Radical Party;Parti Radical;Radikale Partei;Partia Radykalna;Partido Radical;Partito Radicale;Radik0lis P0rt;Radik0ln0 Strana;Radik0lis P0rt;Radicale Partij;Partido Radical;;Radikaalipuolue;
IME_communist;Communist Party;Parti Communiste;Kommunistische Partei;Partia Komunistyczna;Partido Comunista;Partito Comunista;Kommunista P0rt;Komunistick0 Strana;Kommunista P0rt;Communistische Partij;Partido Comunista;;Kommunistinenpuolue;
IME_conservative;Conservative Party;Parti Conservateur;Konservative Partei;Partia Konserwatywna;Partido Conservador;Partito Conservatore;Konzervat0v P0rt;Konzervativn0 Strana;Konzervat0v P0rt;Conservatieve Partij;Partido Conservador;;Konservatiivipuolue;
IME_fascist;Fascist Party;Parti Fasciste;Faschistische Partei;Partia Faszystowska;Partido Fascista;Partito Fascista;Fasiszta P0rt;Fa0istick0 Strana;Fasiszta P0rt;Fascistische Partij;Partido Fascista;;Fasistinenpuolue;
IME_liberal;Liberal Party;Parti Lib0ral;Liberale Partei;Partia Liberalna;Partido Liberal;Partito Liberale;Liber0lis P0rt;Liber0ln0 Strana;Liber0lis P0rt;Liberale Partij;Partido Liberal;;Liberaalipuolue;
IME_reactionary;National Party;Parti National;Nationale Partei;Partia Narodowa;Partido Nacional;Partito Nazionale;Nemzeti P0rt;N0rodn0 Strana;Nemzeti P0rt;Nationale Partij;Partido Nacional;;Kansallispuolue;
IME_socialist;Socialist Party;Parti Socialiste;Sozialistische Partei;Partia Socjalistyczna;Partido Socialista;Partito Socialista;Szocialista P0rt;Socialistick0 Strana;Szocialista P0rt;Socialistische Partij;Partido Socialista;;Sosialistinenpuolue;
ITZ;Itza;Itzá;Itzá;Itza;Itzá;Itza;Itza;Itza;Itza;Itza;Itza;Itza;Itza;
ITZ_ADJ;Itza;itzá;Itzáisch;Itza;itzá;Itza;Itza;Itza;Itza;Itza;Itza;Itza;Itza;
ITZ_radical;Radical Party;Parti Radical;Radikale Partei;Partia Radykalna;Partido Radical;Partito Radicale;Radik0lis P0rt;Radik0ln0 Strana;Radik0lis P0rt;Radicale Partij;Partido Radical;;Radikaalipuolue;
ITZ_communist;Communist Party;Parti Communiste;Kommunistische Partei;Partia Komunistyczna;Partido Comunista;Partito Comunista;Kommunista P0rt;Komunistick0 Strana;Kommunista P0rt;Communistische Partij;Partido Comunista;;Kommunistinenpuolue;
ITZ_conservative;Conservative Party;Parti Conservateur;Konservative Partei;Partia Konserwatywna;Partido Conservador;Partito Conservatore;Konzervat0v P0rt;Konzervativn0 Strana;Konzervat0v P0rt;Conservatieve Partij;Partido Conservador;;Konservatiivipuolue;
ITZ_fascist;Fascist Party;Parti Fasciste;Faschistische Partei;Partia Faszystowska;Partido Fascista;Partito Fascista;Fasiszta P0rt;Fa0istick0 Strana;Fasiszta P0rt;Fascistische Partij;Partido Fascista;;Fasistinenpuolue;
ITZ_liberal;Liberal Party;Parti Lib0ral;Liberale Partei;Partia Liberalna;Partido Liberal;Partito Liberale;Liber0lis P0rt;Liber0ln0 Strana;Liber0lis P0rt;Liberale Partij;Partido Liberal;;Liberaalipuolue;
ITZ_reactionary;National Party;Parti National;Nationale Partei;Partia Narodowa;Partido Nacional;Partito Nazionale;Nemzeti P0rt;N0rodn0 Strana;Nemzeti P0rt;Nationale Partij;Partido Nacional;;Kansallispuolue;
ITZ_socialist;Socialist Party;Parti Socialiste;Sozialistische Partei;Partia Socjalistyczna;Partido Socialista;Partito Socialista;Szocialista P0rt;Socialistick0 Strana;Szocialista P0rt;Socialistische Partij;Partido Socialista;;Sosialistinenpuolue;
JFN;Jaffna;Jaffna;Jaffna;Jaffna;Jaffna;Jaffna;Jaffna;Jaffna;Jaffna;Jaffna;Jaffna;Jaffna;Jaffna;
JFN_ADJ;Jaffna;jaffni;Jaffnisch;Jaffna;jaffna;Jaffna;Jaffna;Jaffna;Jaffna;Jaffna;Jaffna;Jaffna;Jaffna;
JFN_radical;Radical Party;Parti Radical;Radikale Partei;Partia Radykalna;Partido Radical;Partito Radicale;Radik0lis P0rt;Radik0ln0 Strana;Radik0lis P0rt;Radicale Partij;Partido Radical;;Radikaalipuolue;
JFN_communist;Communist Party;Parti Communiste;Kommunistische Partei;Partia Komunistyczna;Partido Comunista;Partito Comunista;Kommunista P0rt;Komunistick0 Strana;Kommunista P0rt;Communistische Partij;Partido Comunista;;Kommunistinenpuolue;
JFN_conservative;Conservative Party;Parti Conservateur;Konservative Partei;Partia Konserwatywna;Partido Conservador;Partito Conservatore;Konzervat0v P0rt;Konzervativn0 Strana;Konzervat0v P0rt;Conservatieve Partij;Partido Conservador;;Konservatiivipuolue;
JFN_fascist;Fascist Party;Parti Fasciste;Faschistische Partei;Partia Faszystowska;Partido Fascista;Partito Fascista;Fasiszta P0rt;Fa0istick0 Strana;Fasiszta P0rt;Fascistische Partij;Partido Fascista;;Fasistinenpuolue;
JFN_liberal;Liberal Party;Parti Lib0ral;Liberale Partei;Partia Liberalna;Partido Liberal;Partito Liberale;Liber0lis P0rt;Liber0ln0 Strana;Liber0lis P0rt;Liberale Partij;Partido Liberal;;Liberaalipuolue;
JFN_reactionary;National Party;Parti National;Nationale Partei;Partia Narodowa;Partido Nacional;Partito Nazionale;Nemzeti P0rt;N0rodn0 Strana;Nemzeti P0rt;Nationale Partij;Partido Nacional;;Kansallispuolue;
JFN_socialist;Socialist Party;Parti Socialiste;Sozialistische Partei;Partia Socjalistyczna;Partido Socialista;Partito Socialista;Szocialista P0rt;Socialistick0 Strana;Szocialista P0rt;Socialistische Partij;Partido Socialista;;Sosialistinenpuolue;
JGD;Junagarh;Jûnâgarh;Junagarh;Junagarh;Junagarh;Junagarh;Junagarh;Junagarh;Junagarh;Junagarh;Junagarh;Junagarh;Junagarh;
JGD_ADJ;Junagarhi;jûnâgarhi;Junagarhisch;Junagarhi;junagarí;Junagarhi;Junagarhi;Junagarhi;Junagarhi;Junagarhi;Junagarhi;Junagarhi;Junagarhi;
JGD_radical;Radical Party;Parti Radical;Radikale Partei;Partia Radykalna;Partido Radical;Partito Radicale;Radik0lis P0rt;Radik0ln0 Strana;Radik0lis P0rt;Radicale Partij;Partido Radical;;Radikaalipuolue;
JGD_communist;Communist Party;Parti Communiste;Kommunistische Partei;Partia Komunistyczna;Partido Comunista;Partito Comunista;Kommunista P0rt;Komunistick0 Strana;Kommunista P0rt;Communistische Partij;Partido Comunista;;Kommunistinenpuolue;
JGD_conservative;Conservative Party;Parti Conservateur;Konservative Partei;Partia Konserwatywna;Partido Conservador;Partito Conservatore;Konzervat0v P0rt;Konzervativn0 Strana;Konzervat0v P0rt;Conservatieve Partij;Partido Conservador;;Konservatiivipuolue;
JGD_fascist;Fascist Party;Parti Fasciste;Faschistische Partei;Partia Faszystowska;Partido Fascista;Partito Fascista;Fasiszta P0rt;Fa0istick0 Strana;Fasiszta P0rt;Fascistische Partij;Partido Fascista;;Fasistinenpuolue;
JGD_liberal;Liberal Party;Parti Lib0ral;Liberale Partei;Partia Liberalna;Partido Liberal;Partito Liberale;Liber0lis P0rt;Liber0ln0 Strana;Liber0lis P0rt;Liberale Partij;Partido Liberal;;Liberaalipuolue;
JGD_reactionary;National Party;Parti National;Nationale Partei;Partia Narodowa;Partido Nacional;Partito Nazionale;Nemzeti P0rt;N0rodn0 Strana;Nemzeti P0rt;Nationale Partij;Partido Nacional;;Kansallispuolue;
JGD_socialist;Socialist Party;Parti Socialiste;Sozialistische Partei;Partia Socjalistyczna;Partido Socialista;Partito Socialista;Szocialista P0rt;Socialistick0 Strana;Szocialista P0rt;Socialistische Partij;Partido Socialista;;Sosialistinenpuolue;
JLV;Jhalavad;Jhâlâwâr;Jhalawar;Jhalavad;Jhalavad;Jhalavad;Jhalavad;Jhalavad;Jhalavad;Jhalavad;Jhalavad;Jhalavad;Jhalavad;
JLV_ADJ;Jhalavadi;jhâlâwâri;Jhalawarisch;Jhalavadi;jalavadí;Jhalavadi;Jhalavadi;Jhalavadi;Jhalavadi;Jhalavadi;Jhalavadi;Jhalavadi;Jhalavadi;
JLV_radical;Radical Party;Parti Radical;Radikale Partei;Partia Radykalna;Partido Radical;Partito Radicale;Radik0lis P0rt;Radik0ln0 Strana;Radik0lis P0rt;Radicale Partij;Partido Radical;;Radikaalipuolue;
JLV_communist;Communist Party;Parti Communiste;Kommunistische Partei;Partia Komunistyczna;Partido Comunista;Partito Comunista;Kommunista P0rt;Komunistick0 Strana;Kommunista P0rt;Communistische Partij;Partido Comunista;;Kommunistinenpuolue;
JLV_conservative;Conservative Party;Parti Conservateur;Konservative Partei;Partia Konserwatywna;Partido Conservador;Partito Conservatore;Konzervat0v P0rt;Konzervativn0 Strana;Konzervat0v P0rt;Conservatieve Partij;Partido Conservador;;Konservatiivipuolue;
JLV_fascist;Fascist Party;Parti Fasciste;Faschistische Partei;Partia Faszystowska;Partido Fascista;Partito Fascista;Fasiszta P0rt;Fa0istick0 Strana;Fasiszta P0rt;Fascistische Partij;Partido Fascista;;Fasistinenpuolue;
JLV_liberal;Liberal Party;Parti Lib0ral;Liberale Partei;Partia Liberalna;Partido Liberal;Partito Liberale;Liber0lis P0rt;Liber0ln0 Strana;Liber0lis P0rt;Liberale Partij;Partido Liberal;;Liberaalipuolue;
JLV_reactionary;National Party;Parti National;Nationale Partei;Partia Narodowa;Partido Nacional;Partito Nazionale;Nemzeti P0rt;N0rodn0 Strana;Nemzeti P0rt;Nationale Partij;Partido Nacional;;Kansallispuolue;
JLV_socialist;Socialist Party;Parti Socialiste;Sozialistische Partei;Partia Socjalistyczna;Partido Socialista;Partito Socialista;Szocialista P0rt;Socialistick0 Strana;Szocialista P0rt;Socialistische Partij;Partido Socialista;;Sosialistinenpuolue;
JML;Jumla;Jumlâ;Jumla;Jumla;Jumla;Jumla;Jumla;Jumla;Jumla;Jumla;Jumla;Jumla;Jumla;
JML_ADJ;Jumlan;jumlî;Jumlanisch;Jumlan;jumlano;Jumlan;Jumlan;Jumlan;Jumlan;Jumlan;Jumlan;Jumlan;Jumlan;
JML_radical;Radical Party;Parti Radical;Radikale Partei;Partia Radykalna;Partido Radical;Partito Radicale;Radik0lis P0rt;Radik0ln0 Strana;Radik0lis P0rt;Radicale Partij;Partido Radical;;Radikaalipuolue;
JML_communist;Communist Party;Parti Communiste;Kommunistische Partei;Partia Komunistyczna;Partido Comunista;Partito Comunista;Kommunista P0rt;Komunistick0 Strana;Kommunista P0rt;Communistische Partij;Partido Comunista;;Kommunistinenpuolue;
JML_conservative;Conservative Party;Parti Conservateur;Konservative Partei;Partia Konserwatywna;Partido Conservador;Partito Conservatore;Konzervat0v P0rt;Konzervativn0 Strana;Konzervat0v P0rt;Conservatieve Partij;Partido Conservador;;Konservatiivipuolue;
JML_fascist;Fascist Party;Parti Fasciste;Faschistische Partei;Partia Faszystowska;Partido Fascista;Partito Fascista;Fasiszta P0rt;Fa0istick0 Strana;Fasiszta P0rt;Fascistische Partij;Partido Fascista;;Fasistinenpuolue;
JML_liberal;Liberal Party;Parti Lib0ral;Liberale Partei;Partia Liberalna;Partido Liberal;Partito Liberale;Liber0lis P0rt;Liber0ln0 Strana;Liber0lis P0rt;Liberale Partij;Partido Liberal;;Liberaalipuolue;
JML_reactionary;National Party;Parti National;Nationale Partei;Partia Narodowa;Partido Nacional;Partito Nazionale;Nemzeti P0rt;N0rodn0 Strana;Nemzeti P0rt;Nationale Partij;Partido Nacional;;Kansallispuolue;
JML_socialist;Socialist Party;Parti Socialiste;Sozialistische Partei;Partia Socjalistyczna;Partido Socialista;Partito Socialista;Szocialista P0rt;Socialistick0 Strana;Szocialista P0rt;Socialistische Partij;Partido Socialista;;Sosialistinenpuolue;
JNN;Jenné;Djenné;Djenné;Jenne;Jenné;Jenne;Jenne;Jenne;Jenne;Jenne;Jenne;Jenne;Jenne;
JNN_ADJ;Jennéan;djennéenne;Djennéisch;Jennéan;jennéano;Jennéan;Jennéan;Jennéan;Jennéan;Jennéan;Jennéan;Jennéan;Jennéan;
JNN_radical;Radical Party;Parti Radical;Radikale Partei;Partia Radykalna;Partido Radical;Partito Radicale;Radik0lis P0rt;Radik0ln0 Strana;Radik0lis P0rt;Radicale Partij;Partido Radical;;Radikaalipuolue;
JNN_communist;Communist Party;Parti Communiste;Kommunistische Partei;Partia Komunistyczna;Partido Comunista;Partito Comunista;Kommunista P0rt;Komunistick0 Strana;Kommunista P0rt;Communistische Partij;Partido Comunista;;Kommunistinenpuolue;
JNN_conservative;Conservative Party;Parti Conservateur;Konservative Partei;Partia Konserwatywna;Partido Conservador;Partito Conservatore;Konzervat0v P0rt;Konzervativn0 Strana;Konzervat0v P0rt;Conservatieve Partij;Partido Conservador;;Konservatiivipuolue;
JNN_fascist;Fascist Party;Parti Fasciste;Faschistische Partei;Partia Faszystowska;Partido Fascista;Partito Fascista;Fasiszta P0rt;Fa0istick0 Strana;Fasiszta P0rt;Fascistische Partij;Partido Fascista;;Fasistinenpuolue;
JNN_liberal;Liberal Party;Parti Lib0ral;Liberale Partei;Partia Liberalna;Partido Liberal;Partito Liberale;Liber0lis P0rt;Liber0ln0 Strana;Liber0lis P0rt;Liberale Partij;Partido Liberal;;Liberaalipuolue;
JNN_reactionary;National Party;Parti National;Nationale Partei;Partia Narodowa;Partido Nacional;Partito Nazionale;Nemzeti P0rt;N0rodn0 Strana;Nemzeti P0rt;Nationale Partij;Partido Nacional;;Kansallispuolue;
JNN_socialist;Socialist Party;Parti Socialiste;Sozialistische Partei;Partia Socjalistyczna;Partido Socialista;Partito Socialista;Szocialista P0rt;Socialistick0 Strana;Szocialista P0rt;Socialistische Partij;Partido Socialista;;Sosialistinenpuolue;
JNP_radical;Radical Party;Parti Radical;Radikale Partei;Partia Radykalna;Partido Radical;Partito Radicale;Radik0lis P0rt;Radik0ln0 Strana;Radik0lis P0rt;Radicale Partij;Partido Radical;;Radikaalipuolue;
JNP_communist;Communist Party;Parti Communiste;Kommunistische Partei;Partia Komunistyczna;Partido Comunista;Partito Comunista;Kommunista P0rt;Komunistick0 Strana;Kommunista P0rt;Communistische Partij;Partido Comunista;;Kommunistinenpuolue;
JNP_conservative;Conservative Party;Parti Conservateur;Konservative Partei;Partia Konserwatywna;Partido Conservador;Partito Conservatore;Konzervat0v P0rt;Konzervativn0 Strana;Konzervat0v P0rt;Conservatieve Partij;Partido Conservador;;Konservatiivipuolue;
JNP_fascist;Fascist Party;Parti Fasciste;Faschistische Partei;Partia Faszystowska;Partido Fascista;Partito Fascista;Fasiszta P0rt;Fa0istick0 Strana;Fasiszta P0rt;Fascistische Partij;Partido Fascista;;Fasistinenpuolue;
JNP_liberal;Liberal Party;Parti Lib0ral;Liberale Partei;Partia Liberalna;Partido Liberal;Partito Liberale;Liber0lis P0rt;Liber0ln0 Strana;Liber0lis P0rt;Liberale Partij;Partido Liberal;;Liberaalipuolue;
JNP_reactionary;National Party;Parti National;Nationale Partei;Partia Narodowa;Partido Nacional;Partito Nazionale;Nemzeti P0rt;N0rodn0 Strana;Nemzeti P0rt;Nationale Partij;Partido Nacional;;Kansallispuolue;
JNP_socialist;Socialist Party;Parti Socialiste;Sozialistische Partei;Partia Socjalistyczna;Partido Socialista;Partito Socialista;Szocialista P0rt;Socialistick0 Strana;Szocialista P0rt;Socialistische Partij;Partido Socialista;;Sosialistinenpuolue;
JPR;Jeypore;Jaipur;Jeypore;Jeypore;Jeypore;Jeypore;Jeypore;Jeypore;Jeypore;Jeypore;Jeypore;Jeypore;Jeypore;
JPR_ADJ;Jeyporan;jayapurî;Jeyporanisch;Jeyporan;jeyporano;Jeyporan;Jeyporan;Jeyporan;Jeyporan;Jeyporan;Jeyporan;Jeyporan;Jeyporan;
JPR_radical;Radical Party;Parti Radical;Radikale Partei;Partia Radykalna;Partido Radical;Partito Radicale;Radik0lis P0rt;Radik0ln0 Strana;Radik0lis P0rt;Radicale Partij;Partido Radical;;Radikaalipuolue;
JPR_communist;Communist Party;Parti Communiste;Kommunistische Partei;Partia Komunistyczna;Partido Comunista;Partito Comunista;Kommunista P0rt;Komunistick0 Strana;Kommunista P0rt;Communistische Partij;Partido Comunista;;Kommunistinenpuolue;
JPR_conservative;Conservative Party;Parti Conservateur;Konservative Partei;Partia Konserwatywna;Partido Conservador;Partito Conservatore;Konzervat0v P0rt;Konzervativn0 Strana;Konzervat0v P0rt;Conservatieve Partij;Partido Conservador;;Konservatiivipuolue;
JPR_fascist;Fascist Party;Parti Fasciste;Faschistische Partei;Partia Faszystowska;Partido Fascista;Partito Fascista;Fasiszta P0rt;Fa0istick0 Strana;Fasiszta P0rt;Fascistische Partij;Partido Fascista;;Fasistinenpuolue;
JPR_liberal;Liberal Party;Parti Lib0ral;Liberale Partei;Partia Liberalna;Partido Liberal;Partito Liberale;Liber0lis P0rt;Liber0ln0 Strana;Liber0lis P0rt;Liberale Partij;Partido Liberal;;Liberaalipuolue;
JPR_reactionary;National Party;Parti National;Nationale Partei;Partia Narodowa;Partido Nacional;Partito Nazionale;Nemzeti P0rt;N0rodn0 Strana;Nemzeti P0rt;Nationale Partij;Partido Nacional;;Kansallispuolue;
JPR_socialist;Socialist Party;Parti Socialiste;Sozialistische Partei;Partia Socjalistyczna;Partido Socialista;Partito Socialista;Szocialista P0rt;Socialistick0 Strana;Szocialista P0rt;Socialistische Partij;Partido Socialista;;Sosialistinenpuolue;
KAC_radical;Radical Party;Parti Radical;Radikale Partei;Partia Radykalna;Partido Radical;Partito Radicale;Radik0lis P0rt;Radik0ln0 Strana;Radik0lis P0rt;Radicale Partij;Partido Radical;;Radikaalipuolue;
KAC_communist;Communist Party;Parti Communiste;Kommunistische Partei;Partia Komunistyczna;Partido Comunista;Partito Comunista;Kommunista P0rt;Komunistick0 Strana;Kommunista P0rt;Communistische Partij;Partido Comunista;;Kommunistinenpuolue;
KAC_conservative;Conservative Party;Parti Conservateur;Konservative Partei;Partia Konserwatywna;Partido Conservador;Partito Conservatore;Konzervat0v P0rt;Konzervativn0 Strana;Konzervat0v P0rt;Conservatieve Partij;Partido Conservador;;Konservatiivipuolue;
KAC_fascist;Fascist Party;Parti Fasciste;Faschistische Partei;Partia Faszystowska;Partido Fascista;Partito Fascista;Fasiszta P0rt;Fa0istick0 Strana;Fasiszta P0rt;Fascistische Partij;Partido Fascista;;Fasistinenpuolue;
KAC_liberal;Liberal Party;Parti Lib0ral;Liberale Partei;Partia Liberalna;Partido Liberal;Partito Liberale;Liber0lis P0rt;Liber0ln0 Strana;Liber0lis P0rt;Liberale Partij;Partido Liberal;;Liberaalipuolue;
KAC_reactionary;National Party;Parti National;Nationale Partei;Partia Narodowa;Partido Nacional;Partito Nazionale;Nemzeti P0rt;N0rodn0 Strana;Nemzeti P0rt;Nationale Partij;Partido Nacional;;Kansallispuolue;
KAC_socialist;Socialist Party;Parti Socialiste;Sozialistische Partei;Partia Socjalistyczna;Partido Socialista;Partito Socialista;Szocialista P0rt;Socialistick0 Strana;Szocialista P0rt;Socialistische Partij;Partido Socialista;;Sosialistinenpuolue;
KAN;Kano;Kano;Kano;Kano;Kano;Kano;Kano;Kano;Kano;Kano;Kano;Kano;Kano;
KAN_ADJ;Kano;kano;Kanoisch;Kano;kanés;Kano;Kano;Kano;Kano;Kano;Kano;Kano;Kano;
KAN_radical;Radical Party;Parti Radical;Radikale Partei;Partia Radykalna;Partido Radical;Partito Radicale;Radik0lis P0rt;Radik0ln0 Strana;Radik0lis P0rt;Radicale Partij;Partido Radical;;Radikaalipuolue;
KAN_communist;Communist Party;Parti Communiste;Kommunistische Partei;Partia Komunistyczna;Partido Comunista;Partito Comunista;Kommunista P0rt;Komunistick0 Strana;Kommunista P0rt;Communistische Partij;Partido Comunista;;Kommunistinenpuolue;
KAN_conservative;Conservative Party;Parti Conservateur;Konservative Partei;Partia Konserwatywna;Partido Conservador;Partito Conservatore;Konzervat0v P0rt;Konzervativn0 Strana;Konzervat0v P0rt;Conservatieve Partij;Partido Conservador;;Konservatiivipuolue;
KAN_fascist;Fascist Party;Parti Fasciste;Faschistische Partei;Partia Faszystowska;Partido Fascista;Partito Fascista;Fasiszta P0rt;Fa0istick0 Strana;Fasiszta P0rt;Fascistische Partij;Partido Fascista;;Fasistinenpuolue;
KAN_liberal;Liberal Party;Parti Lib0ral;Liberale Partei;Partia Liberalna;Partido Liberal;Partito Liberale;Liber0lis P0rt;Liber0ln0 Strana;Liber0lis P0rt;Liberale Partij;Partido Liberal;;Liberaalipuolue;
KAN_reactionary;National Party;Parti National;Nationale Partei;Partia Narodowa;Partido Nacional;Partito Nazionale;Nemzeti P0rt;N0rodn0 Strana;Nemzeti P0rt;Nationale Partij;Partido Nacional;;Kansallispuolue;
KAN_socialist;Socialist Party;Parti Socialiste;Sozialistische Partei;Partia Socjalistyczna;Partido Socialista;Partito Socialista;Szocialista P0rt;Socialistick0 Strana;Szocialista P0rt;Socialistische Partij;Partido Socialista;;Sosialistinenpuolue;
KAQ;Kaqchikel;Kaqchikels;Kaqchikel;Kaqchikel;Kaqchikel;Kaqchikel;Kaqchikel;Kaqchikel;Kaqchikel;Kaqchikel;Kaqchikel;Kaqchikel;Kaqchikel;
KAQ_ADJ;Kaqchikel;kaqchikel;Kaqchikelisch;Kaqchikel;kaqchikel;Kaqchikel;Kaqchikel;Kaqchikel;Kaqchikel;Kaqchikel;Kaqchikel;Kaqchikel;Kaqchikel;
KAQ_radical;Radical Party;Parti Radical;Radikale Partei;Partia Radykalna;Partido Radical;Partito Radicale;Radik0lis P0rt;Radik0ln0 Strana;Radik0lis P0rt;Radicale Partij;Partido Radical;;Radikaalipuolue;
KAQ_communist;Communist Party;Parti Communiste;Kommunistische Partei;Partia Komunistyczna;Partido Comunista;Partito Comunista;Kommunista P0rt;Komunistick0 Strana;Kommunista P0rt;Communistische Partij;Partido Comunista;;Kommunistinenpuolue;
KAQ_conservative;Conservative Party;Parti Conservateur;Konservative Partei;Partia Konserwatywna;Partido Conservador;Partito Conservatore;Konzervat0v P0rt;Konzervativn0 Strana;Konzervat0v P0rt;Conservatieve Partij;Partido Conservador;;Konservatiivipuolue;
KAQ_fascist;Fascist Party;Parti Fasciste;Faschistische Partei;Partia Faszystowska;Partido Fascista;Partito Fascista;Fasiszta P0rt;Fa0istick0 Strana;Fasiszta P0rt;Fascistische Partij;Partido Fascista;;Fasistinenpuolue;
KAQ_liberal;Liberal Party;Parti Lib0ral;Liberale Partei;Partia Liberalna;Partido Liberal;Partito Liberale;Liber0lis P0rt;Liber0ln0 Strana;Liber0lis P0rt;Liberale Partij;Partido Liberal;;Liberaalipuolue;
KAQ_reactionary;National Party;Parti National;Nationale Partei;Partia Narodowa;Partido Nacional;Partito Nazionale;Nemzeti P0rt;N0rodn0 Strana;Nemzeti P0rt;Nationale Partij;Partido Nacional;;Kansallispuolue;
KAQ_socialist;Socialist Party;Parti Socialiste;Sozialistische Partei;Partia Socjalistyczna;Partido Socialista;Partito Socialista;Szocialista P0rt;Socialistick0 Strana;Szocialista P0rt;Socialistische Partij;Partido Socialista;;Sosialistinenpuolue;
KAX;Kale;Kalaymyo;Kale;Kale;Kale;Kale;Kale;Kale;Kale;Kale;Kale;Kale;Kale;
KAX_ADJ;Kale;kalaymyo;Kalenisch;Kale;kale;Kale;Kale;Kale;Kale;Kale;Kale;Kale;Kale;
KAX_radical;Radical Party;Parti Radical;Radikale Partei;Partia Radykalna;Partido Radical;Partito Radicale;Radik0lis P0rt;Radik0ln0 Strana;Radik0lis P0rt;Radicale Partij;Partido Radical;;Radikaalipuolue;
KAX_communist;Communist Party;Parti Communiste;Kommunistische Partei;Partia Komunistyczna;Partido Comunista;Partito Comunista;Kommunista P0rt;Komunistick0 Strana;Kommunista P0rt;Communistische Partij;Partido Comunista;;Kommunistinenpuolue;
KAX_conservative;Conservative Party;Parti Conservateur;Konservative Partei;Partia Konserwatywna;Partido Conservador;Partito Conservatore;Konzervat0v P0rt;Konzervativn0 Strana;Konzervat0v P0rt;Conservatieve Partij;Partido Conservador;;Konservatiivipuolue;
KAX_fascist;Fascist Party;Parti Fasciste;Faschistische Partei;Partia Faszystowska;Partido Fascista;Partito Fascista;Fasiszta P0rt;Fa0istick0 Strana;Fasiszta P0rt;Fascistische Partij;Partido Fascista;;Fasistinenpuolue;
KAX_liberal;Liberal Party;Parti Lib0ral;Liberale Partei;Partia Liberalna;Partido Liberal;Partito Liberale;Liber0lis P0rt;Liber0ln0 Strana;Liber0lis P0rt;Liberale Partij;Partido Liberal;;Liberaalipuolue;
KAX_reactionary;National Party;Parti National;Nationale Partei;Partia Narodowa;Partido Nacional;Partito Nazionale;Nemzeti P0rt;N0rodn0 Strana;Nemzeti P0rt;Nationale Partij;Partido Nacional;;Kansallispuolue;
KAX_socialist;Socialist Party;Parti Socialiste;Sozialistische Partei;Partia Socjalistyczna;Partido Socialista;Partito Socialista;Szocialista P0rt;Socialistick0 Strana;Szocialista P0rt;Socialistische Partij;Partido Socialista;;Sosialistinenpuolue;
KBA;Kabylia;Kabylie;Kabylei;Kabylia;Cabila;Kabylia;Kabylia;Kabylia;Kabylia;Kabylia;Kabylia;Kabylia;Kabylia;
KBA_ADJ;Kabyle;kabyle;Kabylisch;Kabyle;cabilo;Kabyle;Kabyle;Kabyle;Kabyle;Kabyle;Kabyle;Kabyle;Kabyle;
KBA_radical;Radical Party;Parti Radical;Radikale Partei;Partia Radykalna;Partido Radical;Partito Radicale;Radik0lis P0rt;Radik0ln0 Strana;Radik0lis P0rt;Radicale Partij;Partido Radical;;Radikaalipuolue;
KBA_communist;Communist Party;Parti Communiste;Kommunistische Partei;Partia Komunistyczna;Partido Comunista;Partito Comunista;Kommunista P0rt;Komunistick0 Strana;Kommunista P0rt;Communistische Partij;Partido Comunista;;Kommunistinenpuolue;
KBA_conservative;Conservative Party;Parti Conservateur;Konservative Partei;Partia Konserwatywna;Partido Conservador;Partito Conservatore;Konzervat0v P0rt;Konzervativn0 Strana;Konzervat0v P0rt;Conservatieve Partij;Partido Conservador;;Konservatiivipuolue;
KBA_fascist;Fascist Party;Parti Fasciste;Faschistische Partei;Partia Faszystowska;Partido Fascista;Partito Fascista;Fasiszta P0rt;Fa0istick0 Strana;Fasiszta P0rt;Fascistische Partij;Partido Fascista;;Fasistinenpuolue;
KBA_liberal;Liberal Party;Parti Lib0ral;Liberale Partei;Partia Liberalna;Partido Liberal;Partito Liberale;Liber0lis P0rt;Liber0ln0 Strana;Liber0lis P0rt;Liberale Partij;Partido Liberal;;Liberaalipuolue;
KBA_reactionary;National Party;Parti National;Nationale Partei;Partia Narodowa;Partido Nacional;Partito Nazionale;Nemzeti P0rt;N0rodn0 Strana;Nemzeti P0rt;Nationale Partij;Partido Nacional;;Kansallispuolue;
KBA_socialist;Socialist Party;Parti Socialiste;Sozialistische Partei;Partia Socjalistyczna;Partido Socialista;Partito Socialista;Szocialista P0rt;Socialistick0 Strana;Szocialista P0rt;Socialistische Partij;Partido Socialista;;Sosialistinenpuolue;
KCX_radical;Radical Party;Parti Radical;Radikale Partei;Partia Radykalna;Partido Radical;Partito Radicale;Radik0lis P0rt;Radik0ln0 Strana;Radik0lis P0rt;Radicale Partij;Partido Radical;;Radikaalipuolue;
KCX_communist;Communist Party;Parti Communiste;Kommunistische Partei;Partia Komunistyczna;Partido Comunista;Partito Comunista;Kommunista P0rt;Komunistick0 Strana;Kommunista P0rt;Communistische Partij;Partido Comunista;;Kommunistinenpuolue;
KCX_conservative;Conservative Party;Parti Conservateur;Konservative Partei;Partia Konserwatywna;Partido Conservador;Partito Conservatore;Konzervat0v P0rt;Konzervativn0 Strana;Konzervat0v P0rt;Conservatieve Partij;Partido Conservador;;Konservatiivipuolue;
KCX_fascist;Fascist Party;Parti Fasciste;Faschistische Partei;Partia Faszystowska;Partido Fascista;Partito Fascista;Fasiszta P0rt;Fa0istick0 Strana;Fasiszta P0rt;Fascistische Partij;Partido Fascista;;Fasistinenpuolue;
KCX_liberal;Liberal Party;Parti Lib0ral;Liberale Partei;Partia Liberalna;Partido Liberal;Partito Liberale;Liber0lis P0rt;Liber0ln0 Strana;Liber0lis P0rt;Liberale Partij;Partido Liberal;;Liberaalipuolue;
KCX_reactionary;National Party;Parti National;Nationale Partei;Partia Narodowa;Partido Nacional;Partito Nazionale;Nemzeti P0rt;N0rodn0 Strana;Nemzeti P0rt;Nationale Partij;Partido Nacional;;Kansallispuolue;
KCX_socialist;Socialist Party;Parti Socialiste;Sozialistische Partei;Partia Socjalistyczna;Partido Socialista;Partito Socialista;Szocialista P0rt;Socialistick0 Strana;Szocialista P0rt;Socialistische Partij;Partido Socialista;;Sosialistinenpuolue;
KED;Kedah;Kedah;Kedah;Kedah;Kedah;Kedah;Kedah;Kedah;Kedah;Kedah;Kedah;Kedah;Kedah;
KED_ADJ;Kedah;kédahane;Kedahnisch;Kedah;kedah;Kedah;Kedah;Kedah;Kedah;Kedah;Kedah;Kedah;Kedah;
KED_radical;Radical Party;Parti Radical;Radikale Partei;Partia Radykalna;Partido Radical;Partito Radicale;Radik0lis P0rt;Radik0ln0 Strana;Radik0lis P0rt;Radicale Partij;Partido Radical;;Radikaalipuolue;
KED_communist;Communist Party;Parti Communiste;Kommunistische Partei;Partia Komunistyczna;Partido Comunista;Partito Comunista;Kommunista P0rt;Komunistick0 Strana;Kommunista P0rt;Communistische Partij;Partido Comunista;;Kommunistinenpuolue;
KED_conservative;Conservative Party;Parti Conservateur;Konservative Partei;Partia Konserwatywna;Partido Conservador;Partito Conservatore;Konzervat0v P0rt;Konzervativn0 Strana;Konzervat0v P0rt;Conservatieve Partij;Partido Conservador;;Konservatiivipuolue;
KED_fascist;Fascist Party;Parti Fasciste;Faschistische Partei;Partia Faszystowska;Partido Fascista;Partito Fascista;Fasiszta P0rt;Fa0istick0 Strana;Fasiszta P0rt;Fascistische Partij;Partido Fascista;;Fasistinenpuolue;
KED_liberal;Liberal Party;Parti Lib0ral;Liberale Partei;Partia Liberalna;Partido Liberal;Partito Liberale;Liber0lis P0rt;Liber0ln0 Strana;Liber0lis P0rt;Liberale Partij;Partido Liberal;;Liberaalipuolue;
KED_reactionary;National Party;Parti National;Nationale Partei;Partia Narodowa;Partido Nacional;Partito Nazionale;Nemzeti P0rt;N0rodn0 Strana;Nemzeti P0rt;Nationale Partij;Partido Nacional;;Kansallispuolue;
KED_socialist;Socialist Party;Parti Socialiste;Sozialistische Partei;Partia Socjalistyczna;Partido Socialista;Partito Socialista;Szocialista P0rt;Socialistick0 Strana;Szocialista P0rt;Socialistische Partij;Partido Socialista;;Sosialistinenpuolue;
KGR_radical;Radical Party;Parti Radical;Radikale Partei;Partia Radykalna;Partido Radical;Partito Radicale;Radik0lis P0rt;Radik0ln0 Strana;Radik0lis P0rt;Radicale Partij;Partido Radical;;Radikaalipuolue;
KGR_communist;Communist Party;Parti Communiste;Kommunistische Partei;Partia Komunistyczna;Partido Comunista;Partito Comunista;Kommunista P0rt;Komunistick0 Strana;Kommunista P0rt;Communistische Partij;Partido Comunista;;Kommunistinenpuolue;
KGR_conservative;Conservative Party;Parti Conservateur;Konservative Partei;Partia Konserwatywna;Partido Conservador;Partito Conservatore;Konzervat0v P0rt;Konzervativn0 Strana;Konzervat0v P0rt;Conservatieve Partij;Partido Conservador;;Konservatiivipuolue;
KGR_fascist;Fascist Party;Parti Fasciste;Faschistische Partei;Partia Faszystowska;Partido Fascista;Partito Fascista;Fasiszta P0rt;Fa0istick0 Strana;Fasiszta P0rt;Fascistische Partij;Partido Fascista;;Fasistinenpuolue;
KGR_liberal;Liberal Party;Parti Lib0ral;Liberale Partei;Partia Liberalna;Partido Liberal;Partito Liberale;Liber0lis P0rt;Liber0ln0 Strana;Liber0lis P0rt;Liberale Partij;Partido Liberal;;Liberaalipuolue;
KGR_reactionary;National Party;Parti National;Nationale Partei;Partia Narodowa;Partido Nacional;Partito Nazionale;Nemzeti P0rt;N0rodn0 Strana;Nemzeti P0rt;Nationale Partij;Partido Nacional;;Kansallispuolue;
KGR_socialist;Socialist Party;Parti Socialiste;Sozialistische Partei;Partia Socjalistyczna;Partido Socialista;Partito Socialista;Szocialista P0rt;Socialistick0 Strana;Szocialista P0rt;Socialistische Partij;Partido Socialista;;Sosialistinenpuolue;
KIC;Kiche;Quichés;Quiché;Kiche;Quichés;Kiche;Kiche;Kiche;Kiche;Kiche;Kiche;Kiche;Kiche;
KIC_ADJ;Kiche;quiché;Quichéisch;Kiche;quiché;Kiche;Kiche;Kiche;Kiche;Kiche;Kiche;Kiche;Kiche;
KIC_radical;Radical Party;Parti Radical;Radikale Partei;Partia Radykalna;Partido Radical;Partito Radicale;Radik0lis P0rt;Radik0ln0 Strana;Radik0lis P0rt;Radicale Partij;Partido Radical;;Radikaalipuolue;
KIC_communist;Communist Party;Parti Communiste;Kommunistische Partei;Partia Komunistyczna;Partido Comunista;Partito Comunista;Kommunista P0rt;Komunistick0 Strana;Kommunista P0rt;Communistische Partij;Partido Comunista;;Kommunistinenpuolue;
KIC_conservative;Conservative Party;Parti Conservateur;Konservative Partei;Partia Konserwatywna;Partido Conservador;Partito Conservatore;Konzervat0v P0rt;Konzervativn0 Strana;Konzervat0v P0rt;Conservatieve Partij;Partido Conservador;;Konservatiivipuolue;
KIC_fascist;Fascist Party;Parti Fasciste;Faschistische Partei;Partia Faszystowska;Partido Fascista;Partito Fascista;Fasiszta P0rt;Fa0istick0 Strana;Fasiszta P0rt;Fascistische Partij;Partido Fascista;;Fasistinenpuolue;
KIC_liberal;Liberal Party;Parti Lib0ral;Liberale Partei;Partia Liberalna;Partido Liberal;Partito Liberale;Liber0lis P0rt;Liber0ln0 Strana;Liber0lis P0rt;Liberale Partij;Partido Liberal;;Liberaalipuolue;
KIC_reactionary;National Party;Parti National;Nationale Partei;Partia Narodowa;Partido Nacional;Partito Nazionale;Nemzeti P0rt;N0rodn0 Strana;Nemzeti P0rt;Nationale Partij;Partido Nacional;;Kansallispuolue;
KIC_socialist;Socialist Party;Parti Socialiste;Sozialistische Partei;Partia Socjalistyczna;Partido Socialista;Partito Socialista;Szocialista P0rt;Socialistick0 Strana;Szocialista P0rt;Socialistische Partij;Partido Socialista;;Sosialistinenpuolue;
KIO;Kiowa;Kiowas;Kiowa;Kiowa;Kiowas;Kiowa;Kiowa;Kiowa;Kiowa;Kiowa;Kiowa;Kiowa;Kiowa;
KIO_ADJ;Kiowa;kiowa;Kiowanisch;Kiowa;kiowa;Kiowa;Kiowa;Kiowa;Kiowa;Kiowa;Kiowa;Kiowa;Kiowa;
KIO_radical;Radical Party;Parti Radical;Radikale Partei;Partia Radykalna;Partido Radical;Partito Radicale;Radik0lis P0rt;Radik0ln0 Strana;Radik0lis P0rt;Radicale Partij;Partido Radical;;Radikaalipuolue;
KIO_communist;Communist Party;Parti Communiste;Kommunistische Partei;Partia Komunistyczna;Partido Comunista;Partito Comunista;Kommunista P0rt;Komunistick0 Strana;Kommunista P0rt;Communistische Partij;Partido Comunista;;Kommunistinenpuolue;
KIO_conservative;Conservative Party;Parti Conservateur;Konservative Partei;Partia Konserwatywna;Partido Conservador;Partito Conservatore;Konzervat0v P0rt;Konzervativn0 Strana;Konzervat0v P0rt;Conservatieve Partij;Partido Conservador;;Konservatiivipuolue;
KIO_fascist;Fascist Party;Parti Fasciste;Faschistische Partei;Partia Faszystowska;Partido Fascista;Partito Fascista;Fasiszta P0rt;Fa0istick0 Strana;Fasiszta P0rt;Fascistische Partij;Partido Fascista;;Fasistinenpuolue;
KIO_liberal;Liberal Party;Parti Lib0ral;Liberale Partei;Partia Liberalna;Partido Liberal;Partito Liberale;Liber0lis P0rt;Liber0ln0 Strana;Liber0lis P0rt;Liberale Partij;Partido Liberal;;Liberaalipuolue;
KIO_reactionary;National Party;Parti National;Nationale Partei;Partia Narodowa;Partido Nacional;Partito Nazionale;Nemzeti P0rt;N0rodn0 Strana;Nemzeti P0rt;Nationale Partij;Partido Nacional;;Kansallispuolue;
KIO_socialist;Socialist Party;Parti Socialiste;Sozialistische Partei;Partia Socjalistyczna;Partido Socialista;Partito Socialista;Szocialista P0rt;Socialistick0 Strana;Szocialista P0rt;Socialistische Partij;Partido Socialista;;Sosialistinenpuolue;
KJH;Keonhjar;Kendujhar;Kendujhar;Keonhjar;Keonhjar;Keonhjar;Keonhjar;Keonhjar;Keonhjar;Keonhjar;Keonhjar;Keonhjar;Keonhjar;
KJH_ADJ;Keonhjari;kendujhari;Kendujharisch;Keonhjari;keonhjarí;Keonhjari;Keonhjari;Keonhjari;Keonhjari;Keonhjari;Keonhjari;Keonhjari;Keonhjari;
KJH_radical;Radical Party;Parti Radical;Radikale Partei;Partia Radykalna;Partido Radical;Partito Radicale;Radik0lis P0rt;Radik0ln0 Strana;Radik0lis P0rt;Radicale Partij;Partido Radical;;Radikaalipuolue;
KJH_communist;Communist Party;Parti Communiste;Kommunistische Partei;Partia Komunistyczna;Partido Comunista;Partito Comunista;Kommunista P0rt;Komunistick0 Strana;Kommunista P0rt;Communistische Partij;Partido Comunista;;Kommunistinenpuolue;
KJH_conservative;Conservative Party;Parti Conservateur;Konservative Partei;Partia Konserwatywna;Partido Conservador;Partito Conservatore;Konzervat0v P0rt;Konzervativn0 Strana;Konzervat0v P0rt;Conservatieve Partij;Partido Conservador;;Konservatiivipuolue;
KJH_fascist;Fascist Party;Parti Fasciste;Faschistische Partei;Partia Faszystowska;Partido Fascista;Partito Fascista;Fasiszta P0rt;Fa0istick0 Strana;Fasiszta P0rt;Fascistische Partij;Partido Fascista;;Fasistinenpuolue;
KJH_liberal;Liberal Party;Parti Lib0ral;Liberale Partei;Partia Liberalna;Partido Liberal;Partito Liberale;Liber0lis P0rt;Liber0ln0 Strana;Liber0lis P0rt;Liberale Partij;Partido Liberal;;Liberaalipuolue;
KJH_reactionary;National Party;Parti National;Nationale Partei;Partia Narodowa;Partido Nacional;Partito Nazionale;Nemzeti P0rt;N0rodn0 Strana;Nemzeti P0rt;Nationale Partij;Partido Nacional;;Kansallispuolue;
KJH_socialist;Socialist Party;Parti Socialiste;Sozialistische Partei;Partia Socjalistyczna;Partido Socialista;Partito Socialista;Szocialista P0rt;Socialistick0 Strana;Szocialista P0rt;Socialistische Partij;Partido Socialista;;Sosialistinenpuolue;
KLH;Kalahandi;Kalâhândi;Kalahandi;Kalahandi;Kalahandí;Kalahandi;Kalahandi;Kalahandi;Kalahandi;Kalahandi;Kalahandi;Kalahandi;Kalahandi;
KLH_ADJ;Kalahandian;kalâhândî;Kalahandisch;Kalahandian;kalahandí;Kalahandian;Kalahandian;Kalahandian;Kalahandian;Kalahandian;Kalahandian;Kalahandian;Kalahandian;
KLH_radical;Radical Party;Parti Radical;Radikale Partei;Partia Radykalna;Partido Radical;Partito Radicale;Radik0lis P0rt;Radik0ln0 Strana;Radik0lis P0rt;Radicale Partij;Partido Radical;;Radikaalipuolue;
KLH_communist;Communist Party;Parti Communiste;Kommunistische Partei;Partia Komunistyczna;Partido Comunista;Partito Comunista;Kommunista P0rt;Komunistick0 Strana;Kommunista P0rt;Communistische Partij;Partido Comunista;;Kommunistinenpuolue;
KLH_conservative;Conservative Party;Parti Conservateur;Konservative Partei;Partia Konserwatywna;Partido Conservador;Partito Conservatore;Konzervat0v P0rt;Konzervativn0 Strana;Konzervat0v P0rt;Conservatieve Partij;Partido Conservador;;Konservatiivipuolue;
KLH_fascist;Fascist Party;Parti Fasciste;Faschistische Partei;Partia Faszystowska;Partido Fascista;Partito Fascista;Fasiszta P0rt;Fa0istick0 Strana;Fasiszta P0rt;Fascistische Partij;Partido Fascista;;Fasistinenpuolue;
KLH_liberal;Liberal Party;Parti Lib0ral;Liberale Partei;Partia Liberalna;Partido Liberal;Partito Liberale;Liber0lis P0rt;Liber0ln0 Strana;Liber0lis P0rt;Liberale Partij;Partido Liberal;;Liberaalipuolue;
KLH_reactionary;National Party;Parti National;Nationale Partei;Partia Narodowa;Partido Nacional;Partito Nazionale;Nemzeti P0rt;N0rodn0 Strana;Nemzeti P0rt;Nationale Partij;Partido Nacional;;Kansallispuolue;
KLH_socialist;Socialist Party;Parti Socialiste;Sozialistische Partei;Partia Socjalistyczna;Partido Socialista;Partito Socialista;Szocialista P0rt;Socialistick0 Strana;Szocialista P0rt;Socialistische Partij;Partido Socialista;;Sosialistinenpuolue;
KLP;Kalpi;Kalpî;Kalpi;Kalpi;Kalpí;Kalpi;Kalpi;Kalpi;Kalpi;Kalpi;Kalpi;Kalpi;Kalpi;
KLP_ADJ;Kalpian;kalpî;Kalpinisch;Kalpian;kalpiano;Kalpian;Kalpian;Kalpian;Kalpian;Kalpian;Kalpian;Kalpian;Kalpian;
KLP_radical;Radical Party;Parti Radical;Radikale Partei;Partia Radykalna;Partido Radical;Partito Radicale;Radik0lis P0rt;Radik0ln0 Strana;Radik0lis P0rt;Radicale Partij;Partido Radical;;Radikaalipuolue;
KLP_communist;Communist Party;Parti Communiste;Kommunistische Partei;Partia Komunistyczna;Partido Comunista;Partito Comunista;Kommunista P0rt;Komunistick0 Strana;Kommunista P0rt;Communistische Partij;Partido Comunista;;Kommunistinenpuolue;
KLP_conservative;Conservative Party;Parti Conservateur;Konservative Partei;Partia Konserwatywna;Partido Conservador;Partito Conservatore;Konzervat0v P0rt;Konzervativn0 Strana;Konzervat0v P0rt;Conservatieve Partij;Partido Conservador;;Konservatiivipuolue;
KLP_fascist;Fascist Party;Parti Fasciste;Faschistische Partei;Partia Faszystowska;Partido Fascista;Partito Fascista;Fasiszta P0rt;Fa0istick0 Strana;Fasiszta P0rt;Fascistische Partij;Partido Fascista;;Fasistinenpuolue;
KLP_liberal;Liberal Party;Parti Lib0ral;Liberale Partei;Partia Liberalna;Partido Liberal;Partito Liberale;Liber0lis P0rt;Liber0ln0 Strana;Liber0lis P0rt;Liberale Partij;Partido Liberal;;Liberaalipuolue;
KLP_reactionary;National Party;Parti National;Nationale Partei;Partia Narodowa;Partido Nacional;Partito Nazionale;Nemzeti P0rt;N0rodn0 Strana;Nemzeti P0rt;Nationale Partij;Partido Nacional;;Kansallispuolue;
KLP_socialist;Socialist Party;Parti Socialiste;Sozialistische Partei;Partia Socjalistyczna;Partido Socialista;Partito Socialista;Szocialista P0rt;Socialistick0 Strana;Szocialista P0rt;Socialistische Partij;Partido Socialista;;Sosialistinenpuolue;
KLT;Kolathunad;Kôlattunâd;Kolathunad;Kolathunad;Kolathunad;Kolathunad;Kolathunad;Kolathunad;Kolathunad;Kolathunad;Kolathunad;Kolathunad;Kolathunad;
KLT_ADJ;Kolathunad;kôlattunâdi;Kolathunadisch;Kolathunad;kolatunadí;Kolathunad;Kolathunad;Kolathunad;Kolathunad;Kolathunad;Kolathunad;Kolathunad;Kolathunad;
KLT_radical;Radical Party;Parti Radical;Radikale Partei;Partia Radykalna;Partido Radical;Partito Radicale;Radik0lis P0rt;Radik0ln0 Strana;Radik0lis P0rt;Radicale Partij;Partido Radical;;Radikaalipuolue;
KLT_communist;Communist Party;Parti Communiste;Kommunistische Partei;Partia Komunistyczna;Partido Comunista;Partito Comunista;Kommunista P0rt;Komunistick0 Strana;Kommunista P0rt;Communistische Partij;Partido Comunista;;Kommunistinenpuolue;
KLT_conservative;Conservative Party;Parti Conservateur;Konservative Partei;Partia Konserwatywna;Partido Conservador;Partito Conservatore;Konzervat0v P0rt;Konzervativn0 Strana;Konzervat0v P0rt;Conservatieve Partij;Partido Conservador;;Konservatiivipuolue;
KLT_fascist;Fascist Party;Parti Fasciste;Faschistische Partei;Partia Faszystowska;Partido Fascista;Partito Fascista;Fasiszta P0rt;Fa0istick0 Strana;Fasiszta P0rt;Fascistische Partij;Partido Fascista;;Fasistinenpuolue;
KLT_liberal;Liberal Party;Parti Lib0ral;Liberale Partei;Partia Liberalna;Partido Liberal;Partito Liberale;Liber0lis P0rt;Liber0ln0 Strana;Liber0lis P0rt;Liberale Partij;Partido Liberal;;Liberaalipuolue;
KLT_reactionary;National Party;Parti National;Nationale Partei;Partia Narodowa;Partido Nacional;Partito Nazionale;Nemzeti P0rt;N0rodn0 Strana;Nemzeti P0rt;Nationale Partij;Partido Nacional;;Kansallispuolue;
KLT_socialist;Socialist Party;Parti Socialiste;Sozialistische Partei;Partia Socjalistyczna;Partido Socialista;Partito Socialista;Szocialista P0rt;Socialistick0 Strana;Szocialista P0rt;Socialistische Partij;Partido Socialista;;Sosialistinenpuolue;
KMC;Kamchadals;Kamtchadales;Kamtschadalen;Kamchadals;Kamchadals;Kamchadals;Kamchadals;Kamchadals;Kamchadals;Kamchadals;Kamchadals;Kamchadals;Kamchadals;
KMC_ADJ;Kamchadese;kamtchadale;Kamtschadalisch;Kamchadese;kamchadés;Kamchadese;Kamchadese;Kamchadese;Kamchadese;Kamchadese;Kamchadese;Kamchadese;Kamchadese;
KMC_radical;Radical Party;Parti Radical;Radikale Partei;Partia Radykalna;Partido Radical;Partito Radicale;Radik0lis P0rt;Radik0ln0 Strana;Radik0lis P0rt;Radicale Partij;Partido Radical;;Radikaalipuolue;
KMC_communist;Communist Party;Parti Communiste;Kommunistische Partei;Partia Komunistyczna;Partido Comunista;Partito Comunista;Kommunista P0rt;Komunistick0 Strana;Kommunista P0rt;Communistische Partij;Partido Comunista;;Kommunistinenpuolue;
KMC_conservative;Conservative Party;Parti Conservateur;Konservative Partei;Partia Konserwatywna;Partido Conservador;Partito Conservatore;Konzervat0v P0rt;Konzervativn0 Strana;Konzervat0v P0rt;Conservatieve Partij;Partido Conservador;;Konservatiivipuolue;
KMC_fascist;Fascist Party;Parti Fasciste;Faschistische Partei;Partia Faszystowska;Partido Fascista;Partito Fascista;Fasiszta P0rt;Fa0istick0 Strana;Fasiszta P0rt;Fascistische Partij;Partido Fascista;;Fasistinenpuolue;
KMC_liberal;Liberal Party;Parti Lib0ral;Liberale Partei;Partia Liberalna;Partido Liberal;Partito Liberale;Liber0lis P0rt;Liber0ln0 Strana;Liber0lis P0rt;Liberale Partij;Partido Liberal;;Liberaalipuolue;
KMC_reactionary;National Party;Parti National;Nationale Partei;Partia Narodowa;Partido Nacional;Partito Nazionale;Nemzeti P0rt;N0rodn0 Strana;Nemzeti P0rt;Nationale Partij;Partido Nacional;;Kansallispuolue;
KMC_socialist;Socialist Party;Parti Socialiste;Sozialistische Partei;Partia Socjalistyczna;Partido Socialista;Partito Socialista;Szocialista P0rt;Socialistick0 Strana;Szocialista P0rt;Socialistische Partij;Partido Socialista;;Sosialistinenpuolue;
KMN;Kumaon;Kumâûn;Kumaon;Kumaon;Kumaon;Kumaon;Kumaon;Kumaon;Kumaon;Kumaon;Kumaon;Kumaon;Kumaon;
KMN_ADJ;Kumaoni;kumâûni;Kumaonisch;Kumaoni;kumaoní;Kumaoni;Kumaoni;Kumaoni;Kumaoni;Kumaoni;Kumaoni;Kumaoni;Kumaoni;
KMN_radical;Radical Party;Parti Radical;Radikale Partei;Partia Radykalna;Partido Radical;Partito Radicale;Radik0lis P0rt;Radik0ln0 Strana;Radik0lis P0rt;Radicale Partij;Partido Radical;;Radikaalipuolue;
KMN_communist;Communist Party;Parti Communiste;Kommunistische Partei;Partia Komunistyczna;Partido Comunista;Partito Comunista;Kommunista P0rt;Komunistick0 Strana;Kommunista P0rt;Communistische Partij;Partido Comunista;;Kommunistinenpuolue;
KMN_conservative;Conservative Party;Parti Conservateur;Konservative Partei;Partia Konserwatywna;Partido Conservador;Partito Conservatore;Konzervat0v P0rt;Konzervativn0 Strana;Konzervat0v P0rt;Conservatieve Partij;Partido Conservador;;Konservatiivipuolue;
KMN_fascist;Fascist Party;Parti Fasciste;Faschistische Partei;Partia Faszystowska;Partido Fascista;Partito Fascista;Fasiszta P0rt;Fa0istick0 Strana;Fasiszta P0rt;Fascistische Partij;Partido Fascista;;Fasistinenpuolue;
KMN_liberal;Liberal Party;Parti Lib0ral;Liberale Partei;Partia Liberalna;Partido Liberal;Partito Liberale;Liber0lis P0rt;Liber0ln0 Strana;Liber0lis P0rt;Liberale Partij;Partido Liberal;;Liberaalipuolue;
KMN_reactionary;National Party;Parti National;Nationale Partei;Partia Narodowa;Partido Nacional;Partito Nazionale;Nemzeti P0rt;N0rodn0 Strana;Nemzeti P0rt;Nationale Partij;Partido Nacional;;Kansallispuolue;
KMN_socialist;Socialist Party;Parti Socialiste;Sozialistische Partei;Partia Socjalistyczna;Partido Socialista;Partito Socialista;Szocialista P0rt;Socialistick0 Strana;Szocialista P0rt;Socialistische Partij;Partido Socialista;;Sosialistinenpuolue;
KOC;Kochin;Kocci;Kochin;Kochin;Kochin;Kochin;Kochin;Kochin;Kochin;Kochin;Kochin;Kochin;Kochin;
KOC_ADJ;Kochi;kocci;Kochinisch;Kochi;kochi;Kochi;Kochi;Kochi;Kochi;Kochi;Kochi;Kochi;Kochi;
KOC_radical;Radical Party;Parti Radical;Radikale Partei;Partia Radykalna;Partido Radical;Partito Radicale;Radik0lis P0rt;Radik0ln0 Strana;Radik0lis P0rt;Radicale Partij;Partido Radical;;Radikaalipuolue;
KOC_communist;Communist Party;Parti Communiste;Kommunistische Partei;Partia Komunistyczna;Partido Comunista;Partito Comunista;Kommunista P0rt;Komunistick0 Strana;Kommunista P0rt;Communistische Partij;Partido Comunista;;Kommunistinenpuolue;
KOC_conservative;Conservative Party;Parti Conservateur;Konservative Partei;Partia Konserwatywna;Partido Conservador;Partito Conservatore;Konzervat0v P0rt;Konzervativn0 Strana;Konzervat0v P0rt;Conservatieve Partij;Partido Conservador;;Konservatiivipuolue;
KOC_fascist;Fascist Party;Parti Fasciste;Faschistische Partei;Partia Faszystowska;Partido Fascista;Partito Fascista;Fasiszta P0rt;Fa0istick0 Strana;Fasiszta P0rt;Fascistische Partij;Partido Fascista;;Fasistinenpuolue;
KOC_liberal;Liberal Party;Parti Lib0ral;Liberale Partei;Partia Liberalna;Partido Liberal;Partito Liberale;Liber0lis P0rt;Liber0ln0 Strana;Liber0lis P0rt;Liberale Partij;Partido Liberal;;Liberaalipuolue;
KOC_reactionary;National Party;Parti National;Nationale Partei;Partia Narodowa;Partido Nacional;Partito Nazionale;Nemzeti P0rt;N0rodn0 Strana;Nemzeti P0rt;Nationale Partij;Partido Nacional;;Kansallispuolue;
KOC_socialist;Socialist Party;Parti Socialiste;Sozialistische Partei;Partia Socjalistyczna;Partido Socialista;Partito Socialista;Szocialista P0rt;Socialistick0 Strana;Szocialista P0rt;Socialistische Partij;Partido Socialista;;Sosialistinenpuolue;
KRC;Korchin;Khortchin;Korchin;Khorchin;Korchin;Khorchin;Khorchin;Khorchin;Khorchin;Khorchin;Khorchin;Khorchin;Khorchin;
KRC_ADJ;Korchin;khortchin;Korchinisch;Korchin;korchin;Korchin;Korchin;Korchin;Korchin;Korchin;Korchin;Korchin;Korchin;
KRC_radical;Radical Party;Parti Radical;Radikale Partei;Partia Radykalna;Partido Radical;Partito Radicale;Radik0lis P0rt;Radik0ln0 Strana;Radik0lis P0rt;Radicale Partij;Partido Radical;;Radikaalipuolue;
KRC_communist;Communist Party;Parti Communiste;Kommunistische Partei;Partia Komunistyczna;Partido Comunista;Partito Comunista;Kommunista P0rt;Komunistick0 Strana;Kommunista P0rt;Communistische Partij;Partido Comunista;;Kommunistinenpuolue;
KRC_conservative;Conservative Party;Parti Conservateur;Konservative Partei;Partia Konserwatywna;Partido Conservador;Partito Conservatore;Konzervat0v P0rt;Konzervativn0 Strana;Konzervat0v P0rt;Conservatieve Partij;Partido Conservador;;Konservatiivipuolue;
KRC_fascist;Fascist Party;Parti Fasciste;Faschistische Partei;Partia Faszystowska;Partido Fascista;Partito Fascista;Fasiszta P0rt;Fa0istick0 Strana;Fasiszta P0rt;Fascistische Partij;Partido Fascista;;Fasistinenpuolue;
KRC_liberal;Liberal Party;Parti Lib0ral;Liberale Partei;Partia Liberalna;Partido Liberal;Partito Liberale;Liber0lis P0rt;Liber0ln0 Strana;Liber0lis P0rt;Liberale Partij;Partido Liberal;;Liberaalipuolue;
KRC_reactionary;National Party;Parti National;Nationale Partei;Partia Narodowa;Partido Nacional;Partito Nazionale;Nemzeti P0rt;N0rodn0 Strana;Nemzeti P0rt;Nationale Partij;Partido Nacional;;Kansallispuolue;
KRC_socialist;Socialist Party;Parti Socialiste;Sozialistische Partei;Partia Socjalistyczna;Partido Socialista;Partito Socialista;Szocialista P0rt;Socialistick0 Strana;Szocialista P0rt;Socialistische Partij;Partido Socialista;;Sosialistinenpuolue;
KTH_radical;Radical Party;Parti Radical;Radikale Partei;Partia Radykalna;Partido Radical;Partito Radicale;Radik0lis P0rt;Radik0ln0 Strana;Radik0lis P0rt;Radicale Partij;Partido Radical;;Radikaalipuolue;
KTH_communist;Communist Party;Parti Communiste;Kommunistische Partei;Partia Komunistyczna;Partido Comunista;Partito Comunista;Kommunista P0rt;Komunistick0 Strana;Kommunista P0rt;Communistische Partij;Partido Comunista;;Kommunistinenpuolue;
KTH_conservative;Conservative Party;Parti Conservateur;Konservative Partei;Partia Konserwatywna;Partido Conservador;Partito Conservatore;Konzervat0v P0rt;Konzervativn0 Strana;Konzervat0v P0rt;Conservatieve Partij;Partido Conservador;;Konservatiivipuolue;
KTH_fascist;Fascist Party;Parti Fasciste;Faschistische Partei;Partia Faszystowska;Partido Fascista;Partito Fascista;Fasiszta P0rt;Fa0istick0 Strana;Fasiszta P0rt;Fascistische Partij;Partido Fascista;;Fasistinenpuolue;
KTH_liberal;Liberal Party;Parti Lib0ral;Liberale Partei;Partia Liberalna;Partido Liberal;Partito Liberale;Liber0lis P0rt;Liber0ln0 Strana;Liber0lis P0rt;Liberale Partij;Partido Liberal;;Liberaalipuolue;
KTH_reactionary;National Party;Parti National;Nationale Partei;Partia Narodowa;Partido Nacional;Partito Nazionale;Nemzeti P0rt;N0rodn0 Strana;Nemzeti P0rt;Nationale Partij;Partido Nacional;;Kansallispuolue;
KTH_socialist;Socialist Party;Parti Socialiste;Sozialistische Partei;Partia Socjalistyczna;Partido Socialista;Partito Socialista;Szocialista P0rt;Socialistick0 Strana;Szocialista P0rt;Socialistische Partij;Partido Socialista;;Sosialistinenpuolue;
KTS;Katsina;Katsina;Katsina;Katsina;Katsina;Katsina;Katsina;Katsina;Katsina;Katsina;Katsina;Katsina;Katsina;
KTS_ADJ;Katsinan;katsinaise;Katsinisch;Katsinan;katsino;Katsinan;Katsinan;Katsinan;Katsinan;Katsinan;Katsinan;Katsinan;Katsinan;
KTS_radical;Radical Party;Parti Radical;Radikale Partei;Partia Radykalna;Partido Radical;Partito Radicale;Radik0lis P0rt;Radik0ln0 Strana;Radik0lis P0rt;Radicale Partij;Partido Radical;;Radikaalipuolue;
KTS_communist;Communist Party;Parti Communiste;Kommunistische Partei;Partia Komunistyczna;Partido Comunista;Partito Comunista;Kommunista P0rt;Komunistick0 Strana;Kommunista P0rt;Communistische Partij;Partido Comunista;;Kommunistinenpuolue;
KTS_conservative;Conservative Party;Parti Conservateur;Konservative Partei;Partia Konserwatywna;Partido Conservador;Partito Conservatore;Konzervat0v P0rt;Konzervativn0 Strana;Konzervat0v P0rt;Conservatieve Partij;Partido Conservador;;Konservatiivipuolue;
KTS_fascist;Fascist Party;Parti Fasciste;Faschistische Partei;Partia Faszystowska;Partido Fascista;Partito Fascista;Fasiszta P0rt;Fa0istick0 Strana;Fasiszta P0rt;Fascistische Partij;Partido Fascista;;Fasistinenpuolue;
KTS_liberal;Liberal Party;Parti Lib0ral;Liberale Partei;Partia Liberalna;Partido Liberal;Partito Liberale;Liber0lis P0rt;Liber0ln0 Strana;Liber0lis P0rt;Liberale Partij;Partido Liberal;;Liberaalipuolue;
KTS_reactionary;National Party;Parti National;Nationale Partei;Partia Narodowa;Partido Nacional;Partito Nazionale;Nemzeti P0rt;N0rodn0 Strana;Nemzeti P0rt;Nationale Partij;Partido Nacional;;Kansallispuolue;
KTS_socialist;Socialist Party;Parti Socialiste;Sozialistische Partei;Partia Socjalistyczna;Partido Socialista;Partito Socialista;Szocialista P0rt;Socialistick0 Strana;Szocialista P0rt;Socialistische Partij;Partido Socialista;;Sosialistinenpuolue;
KTU;Kathmandu;Katmandou;Kathmandu;Kathmandu;Katmandú;Kathmandu;Kathmandu;Kathmandu;Kathmandu;Kathmandu;Kathmandu;Kathmandu;Kathmandu;
KTU_ADJ;Kathmanduan;katmandaise;Kathmandisch;Kathmanduan;katmandino;Kathmanduan;Kathmanduan;Kathmanduan;Kathmanduan;Kathmanduan;Kathmanduan;Kathmanduan;Kathmanduan;
KTU_radical;Radical Party;Parti Radical;Radikale Partei;Partia Radykalna;Partido Radical;Partito Radicale;Radik0lis P0rt;Radik0ln0 Strana;Radik0lis P0rt;Radicale Partij;Partido Radical;;Radikaalipuolue;
KTU_communist;Communist Party;Parti Communiste;Kommunistische Partei;Partia Komunistyczna;Partido Comunista;Partito Comunista;Kommunista P0rt;Komunistick0 Strana;Kommunista P0rt;Communistische Partij;Partido Comunista;;Kommunistinenpuolue;
KTU_conservative;Conservative Party;Parti Conservateur;Konservative Partei;Partia Konserwatywna;Partido Conservador;Partito Conservatore;Konzervat0v P0rt;Konzervativn0 Strana;Konzervat0v P0rt;Conservatieve Partij;Partido Conservador;;Konservatiivipuolue;
KTU_fascist;Fascist Party;Parti Fasciste;Faschistische Partei;Partia Faszystowska;Partido Fascista;Partito Fascista;Fasiszta P0rt;Fa0istick0 Strana;Fasiszta P0rt;Fascistische Partij;Partido Fascista;;Fasistinenpuolue;
KTU_liberal;Liberal Party;Parti Lib0ral;Liberale Partei;Partia Liberalna;Partido Liberal;Partito Liberale;Liber0lis P0rt;Liber0ln0 Strana;Liber0lis P0rt;Liberale Partij;Partido Liberal;;Liberaalipuolue;
KTU_reactionary;National Party;Parti National;Nationale Partei;Partia Narodowa;Partido Nacional;Partito Nazionale;Nemzeti P0rt;N0rodn0 Strana;Nemzeti P0rt;Nationale Partij;Partido Nacional;;Kansallispuolue;
KTU_socialist;Socialist Party;Parti Socialiste;Sozialistische Partei;Partia Socjalistyczna;Partido Socialista;Partito Socialista;Szocialista P0rt;Socialistick0 Strana;Szocialista P0rt;Socialistische Partij;Partido Socialista;;Sosialistinenpuolue;
KWN;Mong Kawng;Mongkawng;Mogaug;MongKawng;Mong Kawng;MongKawng;MongKawng;MongKawng;MongKawng;MongKawng;MongKawng;MongKawng;MongKawng;
KWN_ADJ;Mong Kawng;mongkawng;Mogaugisch;Mong Kawng;mongkawng;Mong Kawng;Mong Kawng;Mong Kawng;Mong Kawng;Mong Kawng;Mong Kawng;Mong Kawng;Mong Kawng;
KWN_radical;Radical Party;Parti Radical;Radikale Partei;Partia Radykalna;Partido Radical;Partito Radicale;Radik0lis P0rt;Radik0ln0 Strana;Radik0lis P0rt;Radicale Partij;Partido Radical;;Radikaalipuolue;
KWN_communist;Communist Party;Parti Communiste;Kommunistische Partei;Partia Komunistyczna;Partido Comunista;Partito Comunista;Kommunista P0rt;Komunistick0 Strana;Kommunista P0rt;Communistische Partij;Partido Comunista;;Kommunistinenpuolue;
KWN_conservative;Conservative Party;Parti Conservateur;Konservative Partei;Partia Konserwatywna;Partido Conservador;Partito Conservatore;Konzervat0v P0rt;Konzervativn0 Strana;Konzervat0v P0rt;Conservatieve Partij;Partido Conservador;;Konservatiivipuolue;
KWN_fascist;Fascist Party;Parti Fasciste;Faschistische Partei;Partia Faszystowska;Partido Fascista;Partito Fascista;Fasiszta P0rt;Fa0istick0 Strana;Fasiszta P0rt;Fascistische Partij;Partido Fascista;;Fasistinenpuolue;
KWN_liberal;Liberal Party;Parti Lib0ral;Liberale Partei;Partia Liberalna;Partido Liberal;Partito Liberale;Liber0lis P0rt;Liber0ln0 Strana;Liber0lis P0rt;Liberale Partij;Partido Liberal;;Liberaalipuolue;
KWN_reactionary;National Party;Parti National;Nationale Partei;Partia Narodowa;Partido Nacional;Partito Nazionale;Nemzeti P0rt;N0rodn0 Strana;Nemzeti P0rt;Nationale Partij;Partido Nacional;;Kansallispuolue;
KWN_socialist;Socialist Party;Parti Socialiste;Sozialistische Partei;Partia Socjalistyczna;Partido Socialista;Partito Socialista;Szocialista P0rt;Socialistick0 Strana;Szocialista P0rt;Socialistische Partij;Partido Socialista;;Sosialistinenpuolue;
LAC;Tzotzil;Tzotzils;Tzotzil;Lacandon;Tzotzil;Lacandon;Lacandon;Lacandon;Lacandon;Lacandon;Lacandon;Lacandon;Lacandon;
LAC_ADJ;Tzotzil;tzotzile;Tzotzilisch;Tzotzil;tzotzil;Tzotzil;Tzotzil;Tzotzil;Tzotzil;Tzotzil;Tzotzil;Tzotzil;Tzotzil;
LAC_radical;Radical Party;Parti Radical;Radikale Partei;Partia Radykalna;Partido Radical;Partito Radicale;Radik0lis P0rt;Radik0ln0 Strana;Radik0lis P0rt;Radicale Partij;Partido Radical;;Radikaalipuolue;
LAC_communist;Communist Party;Parti Communiste;Kommunistische Partei;Partia Komunistyczna;Partido Comunista;Partito Comunista;Kommunista P0rt;Komunistick0 Strana;Kommunista P0rt;Communistische Partij;Partido Comunista;;Kommunistinenpuolue;
LAC_conservative;Conservative Party;Parti Conservateur;Konservative Partei;Partia Konserwatywna;Partido Conservador;Partito Conservatore;Konzervat0v P0rt;Konzervativn0 Strana;Konzervat0v P0rt;Conservatieve Partij;Partido Conservador;;Konservatiivipuolue;
LAC_fascist;Fascist Party;Parti Fasciste;Faschistische Partei;Partia Faszystowska;Partido Fascista;Partito Fascista;Fasiszta P0rt;Fa0istick0 Strana;Fasiszta P0rt;Fascistische Partij;Partido Fascista;;Fasistinenpuolue;
LAC_liberal;Liberal Party;Parti Lib0ral;Liberale Partei;Partia Liberalna;Partido Liberal;Partito Liberale;Liber0lis P0rt;Liber0ln0 Strana;Liber0lis P0rt;Liberale Partij;Partido Liberal;;Liberaalipuolue;
LAC_reactionary;National Party;Parti National;Nationale Partei;Partia Narodowa;Partido Nacional;Partito Nazionale;Nemzeti P0rt;N0rodn0 Strana;Nemzeti P0rt;Nationale Partij;Partido Nacional;;Kansallispuolue;
LAC_socialist;Socialist Party;Parti Socialiste;Sozialistische Partei;Partia Socjalistyczna;Partido Socialista;Partito Socialista;Szocialista P0rt;Socialistick0 Strana;Szocialista P0rt;Socialistische Partij;Partido Socialista;;Sosialistinenpuolue;
LDK;Ladakh;Laddâkh;Ladakh;Ladakh;Ladakh;Ladakh;Ladakh;Ladakh;Ladakh;Ladakh;Ladakh;Ladakh;Ladakh;
LDK_ADJ;Ladakhi;laddâkhi;Ladakhisch;Ladakhi;ladakhi;Ladakhi;Ladakhi;Ladakhi;Ladakhi;Ladakhi;Ladakhi;Ladakhi;Ladakhi;
LDK_radical;Radical Party;Parti Radical;Radikale Partei;Partia Radykalna;Partido Radical;Partito Radicale;Radik0lis P0rt;Radik0ln0 Strana;Radik0lis P0rt;Radicale Partij;Partido Radical;;Radikaalipuolue;
LDK_communist;Communist Party;Parti Communiste;Kommunistische Partei;Partia Komunistyczna;Partido Comunista;Partito Comunista;Kommunista P0rt;Komunistick0 Strana;Kommunista P0rt;Communistische Partij;Partido Comunista;;Kommunistinenpuolue;
LDK_conservative;Conservative Party;Parti Conservateur;Konservative Partei;Partia Konserwatywna;Partido Conservador;Partito Conservatore;Konzervat0v P0rt;Konzervativn0 Strana;Konzervat0v P0rt;Conservatieve Partij;Partido Conservador;;Konservatiivipuolue;
LDK_fascist;Fascist Party;Parti Fasciste;Faschistische Partei;Partia Faszystowska;Partido Fascista;Partito Fascista;Fasiszta P0rt;Fa0istick0 Strana;Fasiszta P0rt;Fascistische Partij;Partido Fascista;;Fasistinenpuolue;
LDK_liberal;Liberal Party;Parti Lib0ral;Liberale Partei;Partia Liberalna;Partido Liberal;Partito Liberale;Liber0lis P0rt;Liber0ln0 Strana;Liber0lis P0rt;Liberale Partij;Partido Liberal;;Liberaalipuolue;
LDK_reactionary;National Party;Parti National;Nationale Partei;Partia Narodowa;Partido Nacional;Partito Nazionale;Nemzeti P0rt;N0rodn0 Strana;Nemzeti P0rt;Nationale Partij;Partido Nacional;;Kansallispuolue;
LDK_socialist;Socialist Party;Parti Socialiste;Sozialistische Partei;Partia Socjalistyczna;Partido Socialista;Partito Socialista;Szocialista P0rt;Socialistick0 Strana;Szocialista P0rt;Socialistische Partij;Partido Socialista;;Sosialistinenpuolue;
LEN_radical;Radical Party;Parti Radical;Radikale Partei;Partia Radykalna;Partido Radical;Partito Radicale;Radik0lis P0rt;Radik0ln0 Strana;Radik0lis P0rt;Radicale Partij;Partido Radical;;Radikaalipuolue;
LEN_communist;Communist Party;Parti Communiste;Kommunistische Partei;Partia Komunistyczna;Partido Comunista;Partito Comunista;Kommunista P0rt;Komunistick0 Strana;Kommunista P0rt;Communistische Partij;Partido Comunista;;Kommunistinenpuolue;
LEN_conservative;Conservative Party;Parti Conservateur;Konservative Partei;Partia Konserwatywna;Partido Conservador;Partito Conservatore;Konzervat0v P0rt;Konzervativn0 Strana;Konzervat0v P0rt;Conservatieve Partij;Partido Conservador;;Konservatiivipuolue;
LEN_fascist;Fascist Party;Parti Fasciste;Faschistische Partei;Partia Faszystowska;Partido Fascista;Partito Fascista;Fasiszta P0rt;Fa0istick0 Strana;Fasiszta P0rt;Fascistische Partij;Partido Fascista;;Fasistinenpuolue;
LEN_liberal;Liberal Party;Parti Lib0ral;Liberale Partei;Partia Liberalna;Partido Liberal;Partito Liberale;Liber0lis P0rt;Liber0ln0 Strana;Liber0lis P0rt;Liberale Partij;Partido Liberal;;Liberaalipuolue;
LEN_reactionary;National Party;Parti National;Nationale Partei;Partia Narodowa;Partido Nacional;Partito Nazionale;Nemzeti P0rt;N0rodn0 Strana;Nemzeti P0rt;Nationale Partij;Partido Nacional;;Kansallispuolue;
LEN_socialist;Socialist Party;Parti Socialiste;Sozialistische Partei;Partia Socjalistyczna;Partido Socialista;Partito Socialista;Szocialista P0rt;Socialistick0 Strana;Szocialista P0rt;Socialistische Partij;Partido Socialista;;Sosialistinenpuolue;
LGR;Ligor;Tambralinga;Ligor;Ligor;Ligor;Ligor;Ligor;Ligor;Ligor;Ligor;Ligor;Ligor;Ligor;
LGR_ADJ;Ligori;tambralinga;Ligorisch;Ligori;ligorí;Ligori;Ligori;Ligori;Ligori;Ligori;Ligori;Ligori;Ligori;
LGR_radical;Radical Party;Parti Radical;Radikale Partei;Partia Radykalna;Partido Radical;Partito Radicale;Radik0lis P0rt;Radik0ln0 Strana;Radik0lis P0rt;Radicale Partij;Partido Radical;;Radikaalipuolue;
LGR_communist;Communist Party;Parti Communiste;Kommunistische Partei;Partia Komunistyczna;Partido Comunista;Partito Comunista;Kommunista P0rt;Komunistick0 Strana;Kommunista P0rt;Communistische Partij;Partido Comunista;;Kommunistinenpuolue;
LGR_conservative;Conservative Party;Parti Conservateur;Konservative Partei;Partia Konserwatywna;Partido Conservador;Partito Conservatore;Konzervat0v P0rt;Konzervativn0 Strana;Konzervat0v P0rt;Conservatieve Partij;Partido Conservador;;Konservatiivipuolue;
LGR_fascist;Fascist Party;Parti Fasciste;Faschistische Partei;Partia Faszystowska;Partido Fascista;Partito Fascista;Fasiszta P0rt;Fa0istick0 Strana;Fasiszta P0rt;Fascistische Partij;Partido Fascista;;Fasistinenpuolue;
LGR_liberal;Liberal Party;Parti Lib0ral;Liberale Partei;Partia Liberalna;Partido Liberal;Partito Liberale;Liber0lis P0rt;Liber0ln0 Strana;Liber0lis P0rt;Liberale Partij;Partido Liberal;;Liberaalipuolue;
LGR_reactionary;National Party;Parti National;Nationale Partei;Partia Narodowa;Partido Nacional;Partito Nazionale;Nemzeti P0rt;N0rodn0 Strana;Nemzeti P0rt;Nationale Partij;Partido Nacional;;Kansallispuolue;
LGR_socialist;Socialist Party;Parti Socialiste;Sozialistische Partei;Partia Socjalistyczna;Partido Socialista;Partito Socialista;Szocialista P0rt;Socialistick0 Strana;Szocialista P0rt;Socialistische Partij;Partido Socialista;;Sosialistinenpuolue;
LOI;The Isles;Îles;Die Inseln;TheIsles;Las islas;TheIsles;TheIsles;TheIsles;TheIsles;TheIsles;TheIsles;TheIsles;TheIsles;
LOI_ADJ;Hebridean;hébridaise;Hebridisch;Hebridean;hébrido;Hebridean;Hebridean;Hebridean;Hebridean;Hebridean;Hebridean;Hebridean;Hebridean;
LOI_radical;Radical Party;Parti Radical;Radikale Partei;Partia Radykalna;Partido Radical;Partito Radicale;Radik0lis P0rt;Radik0ln0 Strana;Radik0lis P0rt;Radicale Partij;Partido Radical;;Radikaalipuolue;
LOI_communist;Communist Party;Parti Communiste;Kommunistische Partei;Partia Komunistyczna;Partido Comunista;Partito Comunista;Kommunista P0rt;Komunistick0 Strana;Kommunista P0rt;Communistische Partij;Partido Comunista;;Kommunistinenpuolue;
LOI_conservative;Conservative Party;Parti Conservateur;Konservative Partei;Partia Konserwatywna;Partido Conservador;Partito Conservatore;Konzervat0v P0rt;Konzervativn0 Strana;Konzervat0v P0rt;Conservatieve Partij;Partido Conservador;;Konservatiivipuolue;
LOI_fascist;Fascist Party;Parti Fasciste;Faschistische Partei;Partia Faszystowska;Partido Fascista;Partito Fascista;Fasiszta P0rt;Fa0istick0 Strana;Fasiszta P0rt;Fascistische Partij;Partido Fascista;;Fasistinenpuolue;
LOI_liberal;Liberal Party;Parti Lib0ral;Liberale Partei;Partia Liberalna;Partido Liberal;Partito Liberale;Liber0lis P0rt;Liber0ln0 Strana;Liber0lis P0rt;Liberale Partij;Partido Liberal;;Liberaalipuolue;
LOI_reactionary;National Party;Parti National;Nationale Partei;Partia Narodowa;Partido Nacional;Partito Nazionale;Nemzeti P0rt;N0rodn0 Strana;Nemzeti P0rt;Nationale Partij;Partido Nacional;;Kansallispuolue;
LOI_socialist;Socialist Party;Parti Socialiste;Sozialistische Partei;Partia Socjalistyczna;Partido Socialista;Partito Socialista;Szocialista P0rt;Socialistick0 Strana;Szocialista P0rt;Socialistische Partij;Partido Socialista;;Sosialistinenpuolue;
LPN;Lipan;Lipans;Lipan;Lipan;Lipán;Lipan;Lipan;Lipan;Lipan;Lipan;Lipan;Lipan;Lipan;
LPN_ADJ;Lipan;lipane;Lipanisch;Lipan;lipán;Lipan;Lipan;Lipan;Lipan;Lipan;Lipan;Lipan;Lipan;
LPN_radical;Radical Party;Parti Radical;Radikale Partei;Partia Radykalna;Partido Radical;Partito Radicale;Radik0lis P0rt;Radik0ln0 Strana;Radik0lis P0rt;Radicale Partij;Partido Radical;;Radikaalipuolue;
LPN_communist;Communist Party;Parti Communiste;Kommunistische Partei;Partia Komunistyczna;Partido Comunista;Partito Comunista;Kommunista P0rt;Komunistick0 Strana;Kommunista P0rt;Communistische Partij;Partido Comunista;;Kommunistinenpuolue;
LPN_conservative;Conservative Party;Parti Conservateur;Konservative Partei;Partia Konserwatywna;Partido Conservador;Partito Conservatore;Konzervat0v P0rt;Konzervativn0 Strana;Konzervat0v P0rt;Conservatieve Partij;Partido Conservador;;Konservatiivipuolue;
LPN_fascist;Fascist Party;Parti Fasciste;Faschistische Partei;Partia Faszystowska;Partido Fascista;Partito Fascista;Fasiszta P0rt;Fa0istick0 Strana;Fasiszta P0rt;Fascistische Partij;Partido Fascista;;Fasistinenpuolue;
LPN_liberal;Liberal Party;Parti Lib0ral;Liberale Partei;Partia Liberalna;Partido Liberal;Partito Liberale;Liber0lis P0rt;Liber0ln0 Strana;Liber0lis P0rt;Liberale Partij;Partido Liberal;;Liberaalipuolue;
LPN_reactionary;National Party;Parti National;Nationale Partei;Partia Narodowa;Partido Nacional;Partito Nazionale;Nemzeti P0rt;N0rodn0 Strana;Nemzeti P0rt;Nationale Partij;Partido Nacional;;Kansallispuolue;
LPN_socialist;Socialist Party;Parti Socialiste;Sozialistische Partei;Partia Socjalistyczna;Partido Socialista;Partito Socialista;Szocialista P0rt;Socialistick0 Strana;Szocialista P0rt;Socialistische Partij;Partido Socialista;;Sosialistinenpuolue;
LUW;Luwu;Luwu;Luwu;Luwu;Luwu;Luwu;Luwu;Luwu;Luwu;Luwu;Luwu;Luwu;Luwu;
LUW_ADJ;Luwan;luwéenne;Luwanisch;Luwan;luwu;Luwan;Luwan;Luwan;Luwan;Luwan;Luwan;Luwan;Luwan;
LUW_radical;Radical Party;Parti Radical;Radikale Partei;Partia Radykalna;Partido Radical;Partito Radicale;Radik0lis P0rt;Radik0ln0 Strana;Radik0lis P0rt;Radicale Partij;Partido Radical;;Radikaalipuolue;
LUW_communist;Communist Party;Parti Communiste;Kommunistische Partei;Partia Komunistyczna;Partido Comunista;Partito Comunista;Kommunista P0rt;Komunistick0 Strana;Kommunista P0rt;Communistische Partij;Partido Comunista;;Kommunistinenpuolue;
LUW_conservative;Conservative Party;Parti Conservateur;Konservative Partei;Partia Konserwatywna;Partido Conservador;Partito Conservatore;Konzervat0v P0rt;Konzervativn0 Strana;Konzervat0v P0rt;Conservatieve Partij;Partido Conservador;;Konservatiivipuolue;
LUW_fascist;Fascist Party;Parti Fasciste;Faschistische Partei;Partia Faszystowska;Partido Fascista;Partito Fascista;Fasiszta P0rt;Fa0istick0 Strana;Fasiszta P0rt;Fascistische Partij;Partido Fascista;;Fasistinenpuolue;
LUW_liberal;Liberal Party;Parti Lib0ral;Liberale Partei;Partia Liberalna;Partido Liberal;Partito Liberale;Liber0lis P0rt;Liber0ln0 Strana;Liber0lis P0rt;Liberale Partij;Partido Liberal;;Liberaalipuolue;
LUW_reactionary;National Party;Parti National;Nationale Partei;Partia Narodowa;Partido Nacional;Partito Nazionale;Nemzeti P0rt;N0rodn0 Strana;Nemzeti P0rt;Nationale Partij;Partido Nacional;;Kansallispuolue;
LUW_socialist;Socialist Party;Parti Socialiste;Sozialistische Partei;Partia Socjalistyczna;Partido Socialista;Partito Socialista;Szocialista P0rt;Socialistick0 Strana;Szocialista P0rt;Socialistische Partij;Partido Socialista;;Sosialistinenpuolue;
LWA;Limbuwan;Limbuwân;Limbuwan;Limbuwan;Limbuwan;Limbuwan;Limbuwan;Limbuwan;Limbuwan;Limbuwan;Limbuwan;Limbuwan;Limbuwan;
LWA_ADJ;Limbuwan;limbuwâni;Limbuwanisch;Limbuwan;limbuwano;Limbuwan;Limbuwan;Limbuwan;Limbuwan;Limbuwan;Limbuwan;Limbuwan;Limbuwan;
LWA_radical;Radical Party;Parti Radical;Radikale Partei;Partia Radykalna;Partido Radical;Partito Radicale;Radik0lis P0rt;Radik0ln0 Strana;Radik0lis P0rt;Radicale Partij;Partido Radical;;Radikaalipuolue;
LWA_communist;Communist Party;Parti Communiste;Kommunistische Partei;Partia Komunistyczna;Partido Comunista;Partito Comunista;Kommunista P0rt;Komunistick0 Strana;Kommunista P0rt;Communistische Partij;Partido Comunista;;Kommunistinenpuolue;
LWA_conservative;Conservative Party;Parti Conservateur;Konservative Partei;Partia Konserwatywna;Partido Conservador;Partito Conservatore;Konzervat0v P0rt;Konzervativn0 Strana;Konzervat0v P0rt;Conservatieve Partij;Partido Conservador;;Konservatiivipuolue;
LWA_fascist;Fascist Party;Parti Fasciste;Faschistische Partei;Partia Faszystowska;Partido Fascista;Partito Fascista;Fasiszta P0rt;Fa0istick0 Strana;Fasiszta P0rt;Fascistische Partij;Partido Fascista;;Fasistinenpuolue;
LWA_liberal;Liberal Party;Parti Lib0ral;Liberale Partei;Partia Liberalna;Partido Liberal;Partito Liberale;Liber0lis P0rt;Liber0ln0 Strana;Liber0lis P0rt;Liberale Partij;Partido Liberal;;Liberaalipuolue;
LWA_reactionary;National Party;Parti National;Nationale Partei;Partia Narodowa;Partido Nacional;Partito Nazionale;Nemzeti P0rt;N0rodn0 Strana;Nemzeti P0rt;Nationale Partij;Partido Nacional;;Kansallispuolue;
LWA_socialist;Socialist Party;Parti Socialiste;Sozialistische Partei;Partia Socjalistyczna;Partido Socialista;Partito Socialista;Szocialista P0rt;Socialistick0 Strana;Szocialista P0rt;Socialistische Partij;Partido Socialista;;Sosialistinenpuolue;
MAB_radical;Radical Party;Parti Radical;Radikale Partei;Partia Radykalna;Partido Radical;Partito Radicale;Radik0lis P0rt;Radik0ln0 Strana;Radik0lis P0rt;Radicale Partij;Partido Radical;;Radikaalipuolue;
MAB_communist;Communist Party;Parti Communiste;Kommunistische Partei;Partia Komunistyczna;Partido Comunista;Partito Comunista;Kommunista P0rt;Komunistick0 Strana;Kommunista P0rt;Communistische Partij;Partido Comunista;;Kommunistinenpuolue;
MAB_conservative;Conservative Party;Parti Conservateur;Konservative Partei;Partia Konserwatywna;Partido Conservador;Partito Conservatore;Konzervat0v P0rt;Konzervativn0 Strana;Konzervat0v P0rt;Conservatieve Partij;Partido Conservador;;Konservatiivipuolue;
MAB_fascist;Fascist Party;Parti Fasciste;Faschistische Partei;Partia Faszystowska;Partido Fascista;Partito Fascista;Fasiszta P0rt;Fa0istick0 Strana;Fasiszta P0rt;Fascistische Partij;Partido Fascista;;Fasistinenpuolue;
MAB_liberal;Liberal Party;Parti Lib0ral;Liberale Partei;Partia Liberalna;Partido Liberal;Partito Liberale;Liber0lis P0rt;Liber0ln0 Strana;Liber0lis P0rt;Liberale Partij;Partido Liberal;;Liberaalipuolue;
MAB_reactionary;National Party;Parti National;Nationale Partei;Partia Narodowa;Partido Nacional;Partito Nazionale;Nemzeti P0rt;N0rodn0 Strana;Nemzeti P0rt;Nationale Partij;Partido Nacional;;Kansallispuolue;
MAB_socialist;Socialist Party;Parti Socialiste;Sozialistische Partei;Partia Socjalistyczna;Partido Socialista;Partito Socialista;Szocialista P0rt;Socialistick0 Strana;Szocialista P0rt;Socialistische Partij;Partido Socialista;;Sosialistinenpuolue;
MBA_radical;Radical Party;Parti Radical;Radikale Partei;Partia Radykalna;Partido Radical;Partito Radicale;Radik0lis P0rt;Radik0ln0 Strana;Radik0lis P0rt;Radicale Partij;Partido Radical;;Radikaalipuolue;
MBA_communist;Communist Party;Parti Communiste;Kommunistische Partei;Partia Komunistyczna;Partido Comunista;Partito Comunista;Kommunista P0rt;Komunistick0 Strana;Kommunista P0rt;Communistische Partij;Partido Comunista;;Kommunistinenpuolue;
MBA_conservative;Conservative Party;Parti Conservateur;Konservative Partei;Partia Konserwatywna;Partido Conservador;Partito Conservatore;Konzervat0v P0rt;Konzervativn0 Strana;Konzervat0v P0rt;Conservatieve Partij;Partido Conservador;;Konservatiivipuolue;
MBA_fascist;Fascist Party;Parti Fasciste;Faschistische Partei;Partia Faszystowska;Partido Fascista;Partito Fascista;Fasiszta P0rt;Fa0istick0 Strana;Fasiszta P0rt;Fascistische Partij;Partido Fascista;;Fasistinenpuolue;
MBA_liberal;Liberal Party;Parti Lib0ral;Liberale Partei;Partia Liberalna;Partido Liberal;Partito Liberale;Liber0lis P0rt;Liber0ln0 Strana;Liber0lis P0rt;Liberale Partij;Partido Liberal;;Liberaalipuolue;
MBA_reactionary;National Party;Parti National;Nationale Partei;Partia Narodowa;Partido Nacional;Partito Nazionale;Nemzeti P0rt;N0rodn0 Strana;Nemzeti P0rt;Nationale Partij;Partido Nacional;;Kansallispuolue;
MBA_socialist;Socialist Party;Parti Socialiste;Sozialistische Partei;Partia Socjalistyczna;Partido Socialista;Partito Socialista;Szocialista P0rt;Socialistick0 Strana;Szocialista P0rt;Socialistische Partij;Partido Socialista;;Sosialistinenpuolue;
MBL;Bishnupur;Bishnupur;Bishnupur;Bishnupur;Bishnupur;Bishnupur;Bishnupur;Bishnupur;Bishnupur;Bishnupur;Bishnupur;Bishnupur;Bishnupur;
MBL_ADJ;Bishnupuri;bishnupurî;Bishnupurisch;Bishnupuri;bisnupurí;Bishnupuri;Bishnupuri;Bishnupuri;Bishnupuri;Bishnupuri;Bishnupuri;Bishnupuri;Bishnupuri;
MBL_radical;Radical Party;Parti Radical;Radikale Partei;Partia Radykalna;Partido Radical;Partito Radicale;Radik0lis P0rt;Radik0ln0 Strana;Radik0lis P0rt;Radicale Partij;Partido Radical;;Radikaalipuolue;
MBL_communist;Communist Party;Parti Communiste;Kommunistische Partei;Partia Komunistyczna;Partido Comunista;Partito Comunista;Kommunista P0rt;Komunistick0 Strana;Kommunista P0rt;Communistische Partij;Partido Comunista;;Kommunistinenpuolue;
MBL_conservative;Conservative Party;Parti Conservateur;Konservative Partei;Partia Konserwatywna;Partido Conservador;Partito Conservatore;Konzervat0v P0rt;Konzervativn0 Strana;Konzervat0v P0rt;Conservatieve Partij;Partido Conservador;;Konservatiivipuolue;
MBL_fascist;Fascist Party;Parti Fasciste;Faschistische Partei;Partia Faszystowska;Partido Fascista;Partito Fascista;Fasiszta P0rt;Fa0istick0 Strana;Fasiszta P0rt;Fascistische Partij;Partido Fascista;;Fasistinenpuolue;
MBL_liberal;Liberal Party;Parti Lib0ral;Liberale Partei;Partia Liberalna;Partido Liberal;Partito Liberale;Liber0lis P0rt;Liber0ln0 Strana;Liber0lis P0rt;Liberale Partij;Partido Liberal;;Liberaalipuolue;
MBL_reactionary;National Party;Parti National;Nationale Partei;Partia Narodowa;Partido Nacional;Partito Nazionale;Nemzeti P0rt;N0rodn0 Strana;Nemzeti P0rt;Nationale Partij;Partido Nacional;;Kansallispuolue;
MBL_socialist;Socialist Party;Parti Socialiste;Sozialistische Partei;Partia Socjalistyczna;Partido Socialista;Partito Socialista;Szocialista P0rt;Socialistick0 Strana;Szocialista P0rt;Socialistische Partij;Partido Socialista;;Sosialistinenpuolue;
MCA;Muisca;Muiscas;Muisca;Muisca;Muisca;Muisca;Muisca;Muisca;Muisca;Muisca;Muisca;Muisca;Muisca;
MCA_ADJ;Muiscan;muisca;Muiscanisch;Muiscan;muisca;Muiscan;Muiscan;Muiscan;Muiscan;Muiscan;Muiscan;Muiscan;Muiscan;
MCA_radical;Radical Party;Parti Radical;Radikale Partei;Partia Radykalna;Partido Radical;Partito Radicale;Radik0lis P0rt;Radik0ln0 Strana;Radik0lis P0rt;Radicale Partij;Partido Radical;;Radikaalipuolue;
MCA_communist;Communist Party;Parti Communiste;Kommunistische Partei;Partia Komunistyczna;Partido Comunista;Partito Comunista;Kommunista P0rt;Komunistick0 Strana;Kommunista P0rt;Communistische Partij;Partido Comunista;;Kommunistinenpuolue;
MCA_conservative;Conservative Party;Parti Conservateur;Konservative Partei;Partia Konserwatywna;Partido Conservador;Partito Conservatore;Konzervat0v P0rt;Konzervativn0 Strana;Konzervat0v P0rt;Conservatieve Partij;Partido Conservador;;Konservatiivipuolue;
MCA_fascist;Fascist Party;Parti Fasciste;Faschistische Partei;Partia Faszystowska;Partido Fascista;Partito Fascista;Fasiszta P0rt;Fa0istick0 Strana;Fasiszta P0rt;Fascistische Partij;Partido Fascista;;Fasistinenpuolue;
MCA_liberal;Liberal Party;Parti Lib0ral;Liberale Partei;Partia Liberalna;Partido Liberal;Partito Liberale;Liber0lis P0rt;Liber0ln0 Strana;Liber0lis P0rt;Liberale Partij;Partido Liberal;;Liberaalipuolue;
MCA_reactionary;National Party;Parti National;Nationale Partei;Partia Narodowa;Partido Nacional;Partito Nazionale;Nemzeti P0rt;N0rodn0 Strana;Nemzeti P0rt;Nationale Partij;Partido Nacional;;Kansallispuolue;
MCA_socialist;Socialist Party;Parti Socialiste;Sozialistische Partei;Partia Socjalistyczna;Partido Socialista;Partito Socialista;Szocialista P0rt;Socialistick0 Strana;Szocialista P0rt;Socialistische Partij;Partido Socialista;;Sosialistinenpuolue;
MCM;Munster;Munster;Munster;MacCarthy;Munster;MacCarthy;MacCarthy;MacCarthy;MacCarthy;MacCarthy;MacCarthy;MacCarthy;MacCarthy;
MCM_ADJ;Munster;munstérienne;Munsterisch;Munster;munsteriano;Munster;Munster;Munster;Munster;Munster;Munster;Munster;Munster;
MCM_radical;Radical Party;Parti Radical;Radikale Partei;Partia Radykalna;Partido Radical;Partito Radicale;Radik0lis P0rt;Radik0ln0 Strana;Radik0lis P0rt;Radicale Partij;Partido Radical;;Radikaalipuolue;
MCM_communist;Communist Party;Parti Communiste;Kommunistische Partei;Partia Komunistyczna;Partido Comunista;Partito Comunista;Kommunista P0rt;Komunistick0 Strana;Kommunista P0rt;Communistische Partij;Partido Comunista;;Kommunistinenpuolue;
MCM_conservative;Conservative Party;Parti Conservateur;Konservative Partei;Partia Konserwatywna;Partido Conservador;Partito Conservatore;Konzervat0v P0rt;Konzervativn0 Strana;Konzervat0v P0rt;Conservatieve Partij;Partido Conservador;;Konservatiivipuolue;
MCM_fascist;Fascist Party;Parti Fasciste;Faschistische Partei;Partia Faszystowska;Partido Fascista;Partito Fascista;Fasiszta P0rt;Fa0istick0 Strana;Fasiszta P0rt;Fascistische Partij;Partido Fascista;;Fasistinenpuolue;
MCM_liberal;Liberal Party;Parti Lib0ral;Liberale Partei;Partia Liberalna;Partido Liberal;Partito Liberale;Liber0lis P0rt;Liber0ln0 Strana;Liber0lis P0rt;Liberale Partij;Partido Liberal;;Liberaalipuolue;
MCM_reactionary;National Party;Parti National;Nationale Partei;Partia Narodowa;Partido Nacional;Partito Nazionale;Nemzeti P0rt;N0rodn0 Strana;Nemzeti P0rt;Nationale Partij;Partido Nacional;;Kansallispuolue;
MCM_socialist;Socialist Party;Parti Socialiste;Sozialistische Partei;Partia Socjalistyczna;Partido Socialista;Partito Socialista;Szocialista P0rt;Socialistick0 Strana;Szocialista P0rt;Socialistische Partij;Partido Socialista;;Sosialistinenpuolue;
MDI_radical;Radical Party;Parti Radical;Radikale Partei;Partia Radykalna;Partido Radical;Partito Radicale;Radik0lis P0rt;Radik0ln0 Strana;Radik0lis P0rt;Radicale Partij;Partido Radical;;Radikaalipuolue;
MDI_communist;Communist Party;Parti Communiste;Kommunistische Partei;Partia Komunistyczna;Partido Comunista;Partito Comunista;Kommunista P0rt;Komunistick0 Strana;Kommunista P0rt;Communistische Partij;Partido Comunista;;Kommunistinenpuolue;
MDI_conservative;Conservative Party;Parti Conservateur;Konservative Partei;Partia Konserwatywna;Partido Conservador;Partito Conservatore;Konzervat0v P0rt;Konzervativn0 Strana;Konzervat0v P0rt;Conservatieve Partij;Partido Conservador;;Konservatiivipuolue;
MDI_fascist;Fascist Party;Parti Fasciste;Faschistische Partei;Partia Faszystowska;Partido Fascista;Partito Fascista;Fasiszta P0rt;Fa0istick0 Strana;Fasiszta P0rt;Fascistische Partij;Partido Fascista;;Fasistinenpuolue;
MDI_liberal;Liberal Party;Parti Lib0ral;Liberale Partei;Partia Liberalna;Partido Liberal;Partito Liberale;Liber0lis P0rt;Liber0ln0 Strana;Liber0lis P0rt;Liberale Partij;Partido Liberal;;Liberaalipuolue;
MDI_reactionary;National Party;Parti National;Nationale Partei;Partia Narodowa;Partido Nacional;Partito Nazionale;Nemzeti P0rt;N0rodn0 Strana;Nemzeti P0rt;Nationale Partij;Partido Nacional;;Kansallispuolue;
MDI_socialist;Socialist Party;Parti Socialiste;Sozialistische Partei;Partia Socjalistyczna;Partido Socialista;Partito Socialista;Szocialista P0rt;Socialistick0 Strana;Szocialista P0rt;Socialistische Partij;Partido Socialista;;Sosialistinenpuolue;
MDO;Kham;Kham;Kham;Mdokhams;Kham;Mdokhams;Mdokhams;Mdokhams;Mdokhams;Mdokhams;Mdokhams;Mdokhams;Mdokhams;
MDO_ADJ;Kham;kham;Khamisch;Kham;kham;Kham;Kham;Kham;Kham;Kham;Kham;Kham;Kham;
MDO_radical;Radical Party;Parti Radical;Radikale Partei;Partia Radykalna;Partido Radical;Partito Radicale;Radik0lis P0rt;Radik0ln0 Strana;Radik0lis P0rt;Radicale Partij;Partido Radical;;Radikaalipuolue;
MDO_communist;Communist Party;Parti Communiste;Kommunistische Partei;Partia Komunistyczna;Partido Comunista;Partito Comunista;Kommunista P0rt;Komunistick0 Strana;Kommunista P0rt;Communistische Partij;Partido Comunista;;Kommunistinenpuolue;
MDO_conservative;Conservative Party;Parti Conservateur;Konservative Partei;Partia Konserwatywna;Partido Conservador;Partito Conservatore;Konzervat0v P0rt;Konzervativn0 Strana;Konzervat0v P0rt;Conservatieve Partij;Partido Conservador;;Konservatiivipuolue;
MDO_fascist;Fascist Party;Parti Fasciste;Faschistische Partei;Partia Faszystowska;Partido Fascista;Partito Fascista;Fasiszta P0rt;Fa0istick0 Strana;Fasiszta P0rt;Fascistische Partij;Partido Fascista;;Fasistinenpuolue;
MDO_liberal;Liberal Party;Parti Lib0ral;Liberale Partei;Partia Liberalna;Partido Liberal;Partito Liberale;Liber0lis P0rt;Liber0ln0 Strana;Liber0lis P0rt;Liberale Partij;Partido Liberal;;Liberaalipuolue;
MDO_reactionary;National Party;Parti National;Nationale Partei;Partia Narodowa;Partido Nacional;Partito Nazionale;Nemzeti P0rt;N0rodn0 Strana;Nemzeti P0rt;Nationale Partij;Partido Nacional;;Kansallispuolue;
MDO_socialist;Socialist Party;Parti Socialiste;Sozialistische Partei;Partia Socjalistyczna;Partido Socialista;Partito Socialista;Szocialista P0rt;Socialistick0 Strana;Szocialista P0rt;Socialistische Partij;Partido Socialista;;Sosialistinenpuolue;
MDS;Madyas;Madja-as;Madschas;Madyaas;Madyas;Madyaas;Madyaas;Madyaas;Madyaas;Madyaas;Madyaas;Madyaas;Madyaas;
MDS_ADJ;Madyas;madja-as;Madschasisch;Madyas;madyasano;Madyas;Madyas;Madyas;Madyas;Madyas;Madyas;Madyas;Madyas;
MDS_radical;Radical Party;Parti Radical;Radikale Partei;Partia Radykalna;Partido Radical;Partito Radicale;Radik0lis P0rt;Radik0ln0 Strana;Radik0lis P0rt;Radicale Partij;Partido Radical;;Radikaalipuolue;
MDS_communist;Communist Party;Parti Communiste;Kommunistische Partei;Partia Komunistyczna;Partido Comunista;Partito Comunista;Kommunista P0rt;Komunistick0 Strana;Kommunista P0rt;Communistische Partij;Partido Comunista;;Kommunistinenpuolue;
MDS_conservative;Conservative Party;Parti Conservateur;Konservative Partei;Partia Konserwatywna;Partido Conservador;Partito Conservatore;Konzervat0v P0rt;Konzervativn0 Strana;Konzervat0v P0rt;Conservatieve Partij;Partido Conservador;;Konservatiivipuolue;
MDS_fascist;Fascist Party;Parti Fasciste;Faschistische Partei;Partia Faszystowska;Partido Fascista;Partito Fascista;Fasiszta P0rt;Fa0istick0 Strana;Fasiszta P0rt;Fascistische Partij;Partido Fascista;;Fasistinenpuolue;
MDS_liberal;Liberal Party;Parti Lib0ral;Liberale Partei;Partia Liberalna;Partido Liberal;Partito Liberale;Liber0lis P0rt;Liber0ln0 Strana;Liber0lis P0rt;Liberale Partij;Partido Liberal;;Liberaalipuolue;
MDS_reactionary;National Party;Parti National;Nationale Partei;Partia Narodowa;Partido Nacional;Partito Nazionale;Nemzeti P0rt;N0rodn0 Strana;Nemzeti P0rt;Nationale Partij;Partido Nacional;;Kansallispuolue;
MDS_socialist;Socialist Party;Parti Socialiste;Sozialistische Partei;Partia Socjalistyczna;Partido Socialista;Partito Socialista;Szocialista P0rt;Socialistick0 Strana;Szocialista P0rt;Socialistische Partij;Partido Socialista;;Sosialistinenpuolue;
MED;Medri Bahri;Medri Bâhri;Medri Bahri;Medri Bahri;Medri Bahri;Medri Bahri;Medri Bahri;Medri Bahri;Medri Bahri;Medri Bahri;Medri Bahri;Medri Bahri;Medri Bahri;
MED_ADJ;Medri Bahri;medri bâhri;Medri Bahrisch;Medri Bahri;medribahrino;Medri Bahri;Medri Bahri;Medri Bahri;Medri Bahri;Medri Bahri;Medri Bahri;Medri Bahri;Medri Bahri;
MED_radical;Radical Party;Parti Radical;Radikale Partei;Partia Radykalna;Partido Radical;Partito Radicale;Radik0lis P0rt;Radik0ln0 Strana;Radik0lis P0rt;Radicale Partij;Partido Radical;;Radikaalipuolue;
MED_communist;Communist Party;Parti Communiste;Kommunistische Partei;Partia Komunistyczna;Partido Comunista;Partito Comunista;Kommunista P0rt;Komunistick0 Strana;Kommunista P0rt;Communistische Partij;Partido Comunista;;Kommunistinenpuolue;
MED_conservative;Conservative Party;Parti Conservateur;Konservative Partei;Partia Konserwatywna;Partido Conservador;Partito Conservatore;Konzervat0v P0rt;Konzervativn0 Strana;Konzervat0v P0rt;Conservatieve Partij;Partido Conservador;;Konservatiivipuolue;
MED_fascist;Fascist Party;Parti Fasciste;Faschistische Partei;Partia Faszystowska;Partido Fascista;Partito Fascista;Fasiszta P0rt;Fa0istick0 Strana;Fasiszta P0rt;Fascistische Partij;Partido Fascista;;Fasistinenpuolue;
MED_liberal;Liberal Party;Parti Lib0ral;Liberale Partei;Partia Liberalna;Partido Liberal;Partito Liberale;Liber0lis P0rt;Liber0ln0 Strana;Liber0lis P0rt;Liberale Partij;Partido Liberal;;Liberaalipuolue;
MED_reactionary;National Party;Parti National;Nationale Partei;Partia Narodowa;Partido Nacional;Partito Nazionale;Nemzeti P0rt;N0rodn0 Strana;Nemzeti P0rt;Nationale Partij;Partido Nacional;;Kansallispuolue;
MED_socialist;Socialist Party;Parti Socialiste;Sozialistische Partei;Partia Socjalistyczna;Partido Socialista;Partito Socialista;Szocialista P0rt;Socialistick0 Strana;Szocialista P0rt;Socialistische Partij;Partido Socialista;;Sosialistinenpuolue;
MFL;Mikhlaf;Mikhlaf;Mikhlaf;Mikhlaf;Mikhlaf;Mikhlaf;Mikhlaf;Mikhlaf;Mikhlaf;Mikhlaf;Mikhlaf;Mikhlaf;Mikhlaf;
MFL_ADJ;Mikhlafi;mikhlafie;Mikhlafisch;Mikhlafi;mikhlafí;Mikhlafi;Mikhlafi;Mikhlafi;Mikhlafi;Mikhlafi;Mikhlafi;Mikhlafi;Mikhlafi;
MFL_radical;Radical Party;Parti Radical;Radikale Partei;Partia Radykalna;Partido Radical;Partito Radicale;Radik0lis P0rt;Radik0ln0 Strana;Radik0lis P0rt;Radicale Partij;Partido Radical;;Radikaalipuolue;
MFL_communist;Communist Party;Parti Communiste;Kommunistische Partei;Partia Komunistyczna;Partido Comunista;Partito Comunista;Kommunista P0rt;Komunistick0 Strana;Kommunista P0rt;Communistische Partij;Partido Comunista;;Kommunistinenpuolue;
MFL_conservative;Conservative Party;Parti Conservateur;Konservative Partei;Partia Konserwatywna;Partido Conservador;Partito Conservatore;Konzervat0v P0rt;Konzervativn0 Strana;Konzervat0v P0rt;Conservatieve Partij;Partido Conservador;;Konservatiivipuolue;
MFL_fascist;Fascist Party;Parti Fasciste;Faschistische Partei;Partia Faszystowska;Partido Fascista;Partito Fascista;Fasiszta P0rt;Fa0istick0 Strana;Fasiszta P0rt;Fascistische Partij;Partido Fascista;;Fasistinenpuolue;
MFL_liberal;Liberal Party;Parti Lib0ral;Liberale Partei;Partia Liberalna;Partido Liberal;Partito Liberale;Liber0lis P0rt;Liber0ln0 Strana;Liber0lis P0rt;Liberale Partij;Partido Liberal;;Liberaalipuolue;
MFL_reactionary;National Party;Parti National;Nationale Partei;Partia Narodowa;Partido Nacional;Partito Nazionale;Nemzeti P0rt;N0rodn0 Strana;Nemzeti P0rt;Nationale Partij;Partido Nacional;;Kansallispuolue;
MFL_socialist;Socialist Party;Parti Socialiste;Sozialistische Partei;Partia Socjalistyczna;Partido Socialista;Partito Socialista;Szocialista P0rt;Socialistick0 Strana;Szocialista P0rt;Socialistische Partij;Partido Socialista;;Sosialistinenpuolue;
MGD;Maguindanao;Maguindanao;Maguindanao;Maguindanao;Maguindanao;Maguindanao;Maguindanao;Maguindanao;Maguindanao;Maguindanao;Maguindanao;Maguindanao;Maguindanao;
MGD_ADJ;Maguindanaoan;maguindanaote;Maguindanaoanisch;Maguindanaoan;maguindanao;Maguindanaoan;Maguindanaoan;Maguindanaoan;Maguindanaoan;Maguindanaoan;Maguindanaoan;Maguindanaoan;Maguindanaoan;
MGD_radical;Radical Party;Parti Radical;Radikale Partei;Partia Radykalna;Partido Radical;Partito Radicale;Radik0lis P0rt;Radik0ln0 Strana;Radik0lis P0rt;Radicale Partij;Partido Radical;;Radikaalipuolue;
MGD_communist;Communist Party;Parti Communiste;Kommunistische Partei;Partia Komunistyczna;Partido Comunista;Partito Comunista;Kommunista P0rt;Komunistick0 Strana;Kommunista P0rt;Communistische Partij;Partido Comunista;;Kommunistinenpuolue;
MGD_conservative;Conservative Party;Parti Conservateur;Konservative Partei;Partia Konserwatywna;Partido Conservador;Partito Conservatore;Konzervat0v P0rt;Konzervativn0 Strana;Konzervat0v P0rt;Conservatieve Partij;Partido Conservador;;Konservatiivipuolue;
MGD_fascist;Fascist Party;Parti Fasciste;Faschistische Partei;Partia Faszystowska;Partido Fascista;Partito Fascista;Fasiszta P0rt;Fa0istick0 Strana;Fasiszta P0rt;Fascistische Partij;Partido Fascista;;Fasistinenpuolue;
MGD_liberal;Liberal Party;Parti Lib0ral;Liberale Partei;Partia Liberalna;Partido Liberal;Partito Liberale;Liber0lis P0rt;Liber0ln0 Strana;Liber0lis P0rt;Liberale Partij;Partido Liberal;;Liberaalipuolue;
MGD_reactionary;National Party;Parti National;Nationale Partei;Partia Narodowa;Partido Nacional;Partito Nazionale;Nemzeti P0rt;N0rodn0 Strana;Nemzeti P0rt;Nationale Partij;Partido Nacional;;Kansallispuolue;
MGD_socialist;Socialist Party;Parti Socialiste;Sozialistische Partei;Partia Socjalistyczna;Partido Socialista;Partito Socialista;Szocialista P0rt;Socialistick0 Strana;Szocialista P0rt;Socialistische Partij;Partido Socialista;;Sosialistinenpuolue;
MHC_radical;Radical Party;Parti Radical;Radikale Partei;Partia Radykalna;Partido Radical;Partito Radicale;Radik0lis P0rt;Radik0ln0 Strana;Radik0lis P0rt;Radicale Partij;Partido Radical;;Radikaalipuolue;
MHC_communist;Communist Party;Parti Communiste;Kommunistische Partei;Partia Komunistyczna;Partido Comunista;Partito Comunista;Kommunista P0rt;Komunistick0 Strana;Kommunista P0rt;Communistische Partij;Partido Comunista;;Kommunistinenpuolue;
MHC_conservative;Conservative Party;Parti Conservateur;Konservative Partei;Partia Konserwatywna;Partido Conservador;Partito Conservatore;Konzervat0v P0rt;Konzervativn0 Strana;Konzervat0v P0rt;Conservatieve Partij;Partido Conservador;;Konservatiivipuolue;
MHC_fascist;Fascist Party;Parti Fasciste;Faschistische Partei;Partia Faszystowska;Partido Fascista;Partito Fascista;Fasiszta P0rt;Fa0istick0 Strana;Fasiszta P0rt;Fascistische Partij;Partido Fascista;;Fasistinenpuolue;
MHC_liberal;Liberal Party;Parti Lib0ral;Liberale Partei;Partia Liberalna;Partido Liberal;Partito Liberale;Liber0lis P0rt;Liber0ln0 Strana;Liber0lis P0rt;Liberale Partij;Partido Liberal;;Liberaalipuolue;
MHC_reactionary;National Party;Parti National;Nationale Partei;Partia Narodowa;Partido Nacional;Partito Nazionale;Nemzeti P0rt;N0rodn0 Strana;Nemzeti P0rt;Nationale Partij;Partido Nacional;;Kansallispuolue;
MHC_socialist;Socialist Party;Parti Socialiste;Sozialistische Partei;Partia Socjalistyczna;Partido Socialista;Partito Socialista;Szocialista P0rt;Socialistick0 Strana;Szocialista P0rt;Socialistische Partij;Partido Socialista;;Sosialistinenpuolue;
MHR_radical;Radical Party;Parti Radical;Radikale Partei;Partia Radykalna;Partido Radical;Partito Radicale;Radik0lis P0rt;Radik0ln0 Strana;Radik0lis P0rt;Radicale Partij;Partido Radical;;Radikaalipuolue;
MHR_communist;Communist Party;Parti Communiste;Kommunistische Partei;Partia Komunistyczna;Partido Comunista;Partito Comunista;Kommunista P0rt;Komunistick0 Strana;Kommunista P0rt;Communistische Partij;Partido Comunista;;Kommunistinenpuolue;
MHR_conservative;Conservative Party;Parti Conservateur;Konservative Partei;Partia Konserwatywna;Partido Conservador;Partito Conservatore;Konzervat0v P0rt;Konzervativn0 Strana;Konzervat0v P0rt;Conservatieve Partij;Partido Conservador;;Konservatiivipuolue;
MHR_fascist;Fascist Party;Parti Fasciste;Faschistische Partei;Partia Faszystowska;Partido Fascista;Partito Fascista;Fasiszta P0rt;Fa0istick0 Strana;Fasiszta P0rt;Fascistische Partij;Partido Fascista;;Fasistinenpuolue;
MHR_liberal;Liberal Party;Parti Lib0ral;Liberale Partei;Partia Liberalna;Partido Liberal;Partito Liberale;Liber0lis P0rt;Liber0ln0 Strana;Liber0lis P0rt;Liberale Partij;Partido Liberal;;Liberaalipuolue;
MHR_reactionary;National Party;Parti National;Nationale Partei;Partia Narodowa;Partido Nacional;Partito Nazionale;Nemzeti P0rt;N0rodn0 Strana;Nemzeti P0rt;Nationale Partij;Partido Nacional;;Kansallispuolue;
MHR_socialist;Socialist Party;Parti Socialiste;Sozialistische Partei;Partia Socjalistyczna;Partido Socialista;Partito Socialista;Szocialista P0rt;Socialistick0 Strana;Szocialista P0rt;Socialistische Partij;Partido Socialista;;Sosialistinenpuolue;
MHX;Haixi;Haixi;Haixi;Haixi;Haixi;Haixi;Haixi;Haixi;Haixi;Haixi;Haixi;Haixi;Haixi;
MHX_ADJ;Haixi;haixi;Haixiisch;Haixi;haixi;Haixi;Haixi;Haixi;Haixi;Haixi;Haixi;Haixi;Haixi;
MHX_radical;Radical Party;Parti Radical;Radikale Partei;Partia Radykalna;Partido Radical;Partito Radicale;Radik0lis P0rt;Radik0ln0 Strana;Radik0lis P0rt;Radicale Partij;Partido Radical;;Radikaalipuolue;
MHX_communist;Communist Party;Parti Communiste;Kommunistische Partei;Partia Komunistyczna;Partido Comunista;Partito Comunista;Kommunista P0rt;Komunistick0 Strana;Kommunista P0rt;Communistische Partij;Partido Comunista;;Kommunistinenpuolue;
MHX_conservative;Conservative Party;Parti Conservateur;Konservative Partei;Partia Konserwatywna;Partido Conservador;Partito Conservatore;Konzervat0v P0rt;Konzervativn0 Strana;Konzervat0v P0rt;Conservatieve Partij;Partido Conservador;;Konservatiivipuolue;
MHX_fascist;Fascist Party;Parti Fasciste;Faschistische Partei;Partia Faszystowska;Partido Fascista;Partito Fascista;Fasiszta P0rt;Fa0istick0 Strana;Fasiszta P0rt;Fascistische Partij;Partido Fascista;;Fasistinenpuolue;
MHX_liberal;Liberal Party;Parti Lib0ral;Liberale Partei;Partia Liberalna;Partido Liberal;Partito Liberale;Liber0lis P0rt;Liber0ln0 Strana;Liber0lis P0rt;Liberale Partij;Partido Liberal;;Liberaalipuolue;
MHX_reactionary;National Party;Parti National;Nationale Partei;Partia Narodowa;Partido Nacional;Partito Nazionale;Nemzeti P0rt;N0rodn0 Strana;Nemzeti P0rt;Nationale Partij;Partido Nacional;;Kansallispuolue;
MHX_socialist;Socialist Party;Parti Socialiste;Sozialistische Partei;Partia Socjalistyczna;Partido Socialista;Partito Socialista;Szocialista P0rt;Socialistick0 Strana;Szocialista P0rt;Socialistische Partij;Partido Socialista;;Sosialistinenpuolue;
MIK_radical;Radical Party;Parti Radical;Radikale Partei;Partia Radykalna;Partido Radical;Partito Radicale;Radik0lis P0rt;Radik0ln0 Strana;Radik0lis P0rt;Radicale Partij;Partido Radical;;Radikaalipuolue;
MIK_communist;Communist Party;Parti Communiste;Kommunistische Partei;Partia Komunistyczna;Partido Comunista;Partito Comunista;Kommunista P0rt;Komunistick0 Strana;Kommunista P0rt;Communistische Partij;Partido Comunista;;Kommunistinenpuolue;
MIK_conservative;Conservative Party;Parti Conservateur;Konservative Partei;Partia Konserwatywna;Partido Conservador;Partito Conservatore;Konzervat0v P0rt;Konzervativn0 Strana;Konzervat0v P0rt;Conservatieve Partij;Partido Conservador;;Konservatiivipuolue;
MIK_fascist;Fascist Party;Parti Fasciste;Faschistische Partei;Partia Faszystowska;Partido Fascista;Partito Fascista;Fasiszta P0rt;Fa0istick0 Strana;Fasiszta P0rt;Fascistische Partij;Partido Fascista;;Fasistinenpuolue;
MIK_liberal;Liberal Party;Parti Lib0ral;Liberale Partei;Partia Liberalna;Partido Liberal;Partito Liberale;Liber0lis P0rt;Liber0ln0 Strana;Liber0lis P0rt;Liberale Partij;Partido Liberal;;Liberaalipuolue;
MIK_reactionary;National Party;Parti National;Nationale Partei;Partia Narodowa;Partido Nacional;Partito Nazionale;Nemzeti P0rt;N0rodn0 Strana;Nemzeti P0rt;Nationale Partij;Partido Nacional;;Kansallispuolue;
MIK_socialist;Socialist Party;Parti Socialiste;Sozialistische Partei;Partia Socjalistyczna;Partido Socialista;Partito Socialista;Szocialista P0rt;Socialistick0 Strana;Szocialista P0rt;Socialistische Partij;Partido Socialista;;Sosialistinenpuolue;
MIN_radical;Radical Party;Parti Radical;Radikale Partei;Partia Radykalna;Partido Radical;Partito Radicale;Radik0lis P0rt;Radik0ln0 Strana;Radik0lis P0rt;Radicale Partij;Partido Radical;;Radikaalipuolue;
MIN_communist;Communist Party;Parti Communiste;Kommunistische Partei;Partia Komunistyczna;Partido Comunista;Partito Comunista;Kommunista P0rt;Komunistick0 Strana;Kommunista P0rt;Communistische Partij;Partido Comunista;;Kommunistinenpuolue;
MIN_conservative;Conservative Party;Parti Conservateur;Konservative Partei;Partia Konserwatywna;Partido Conservador;Partito Conservatore;Konzervat0v P0rt;Konzervativn0 Strana;Konzervat0v P0rt;Conservatieve Partij;Partido Conservador;;Konservatiivipuolue;
MIN_fascist;Fascist Party;Parti Fasciste;Faschistische Partei;Partia Faszystowska;Partido Fascista;Partito Fascista;Fasiszta P0rt;Fa0istick0 Strana;Fasiszta P0rt;Fascistische Partij;Partido Fascista;;Fasistinenpuolue;
MIN_liberal;Liberal Party;Parti Lib0ral;Liberale Partei;Partia Liberalna;Partido Liberal;Partito Liberale;Liber0lis P0rt;Liber0ln0 Strana;Liber0lis P0rt;Liberale Partij;Partido Liberal;;Liberaalipuolue;
MIN_reactionary;National Party;Parti National;Nationale Partei;Partia Narodowa;Partido Nacional;Partito Nazionale;Nemzeti P0rt;N0rodn0 Strana;Nemzeti P0rt;Nationale Partij;Partido Nacional;;Kansallispuolue;
MIN_socialist;Socialist Party;Parti Socialiste;Sozialistische Partei;Partia Socjalistyczna;Partido Socialista;Partito Socialista;Szocialista P0rt;Socialistick0 Strana;Szocialista P0rt;Socialistische Partij;Partido Socialista;;Sosialistinenpuolue;
MIX;Mixtec;Mixtèques;Mixteken;Mixtec;Mixtecas;Mixtec;Mixtec;Mixtec;Mixtec;Mixtec;Mixtec;Mixtec;Mixtec;
MIX_ADJ;Mixtecan;mixtèque;Mixtekisch;Mixtecan;mixteco;Mixtecan;Mixtecan;Mixtecan;Mixtecan;Mixtecan;Mixtecan;Mixtecan;Mixtecan;
MIX_radical;Radical Party;Parti Radical;Radikale Partei;Partia Radykalna;Partido Radical;Partito Radicale;Radik0lis P0rt;Radik0ln0 Strana;Radik0lis P0rt;Radicale Partij;Partido Radical;;Radikaalipuolue;
MIX_communist;Communist Party;Parti Communiste;Kommunistische Partei;Partia Komunistyczna;Partido Comunista;Partito Comunista;Kommunista P0rt;Komunistick0 Strana;Kommunista P0rt;Communistische Partij;Partido Comunista;;Kommunistinenpuolue;
MIX_conservative;Conservative Party;Parti Conservateur;Konservative Partei;Partia Konserwatywna;Partido Conservador;Partito Conservatore;Konzervat0v P0rt;Konzervativn0 Strana;Konzervat0v P0rt;Conservatieve Partij;Partido Conservador;;Konservatiivipuolue;
MIX_fascist;Fascist Party;Parti Fasciste;Faschistische Partei;Partia Faszystowska;Partido Fascista;Partito Fascista;Fasiszta P0rt;Fa0istick0 Strana;Fasiszta P0rt;Fascistische Partij;Partido Fascista;;Fasistinenpuolue;
MIX_liberal;Liberal Party;Parti Lib0ral;Liberale Partei;Partia Liberalna;Partido Liberal;Partito Liberale;Liber0lis P0rt;Liber0ln0 Strana;Liber0lis P0rt;Liberale Partij;Partido Liberal;;Liberaalipuolue;
MIX_reactionary;National Party;Parti National;Nationale Partei;Partia Narodowa;Partido Nacional;Partito Nazionale;Nemzeti P0rt;N0rodn0 Strana;Nemzeti P0rt;Nationale Partij;Partido Nacional;;Kansallispuolue;
MIX_socialist;Socialist Party;Parti Socialiste;Sozialistische Partei;Partia Socjalistyczna;Partido Socialista;Partito Socialista;Szocialista P0rt;Socialistick0 Strana;Szocialista P0rt;Socialistische Partij;Partido Socialista;;Sosialistinenpuolue;
MJZ;Jianzhou;Jianzhou;Jianzhou;Jianzhou;Jianzhou;Jianzhou;Jianzhou;Jianzhou;Jianzhou;Jianzhou;Jianzhou;Jianzhou;Jianzhou;
MJZ_ADJ;Jianzhou;jianzhou;Jianzhouisch;Jianzhou;jianzhou;Jianzhou;Jianzhou;Jianzhou;Jianzhou;Jianzhou;Jianzhou;Jianzhou;Jianzhou;
MJZ_radical;Radical Party;Parti Radical;Radikale Partei;Partia Radykalna;Partido Radical;Partito Radicale;Radik0lis P0rt;Radik0ln0 Strana;Radik0lis P0rt;Radicale Partij;Partido Radical;;Radikaalipuolue;
MJZ_communist;Communist Party;Parti Communiste;Kommunistische Partei;Partia Komunistyczna;Partido Comunista;Partito Comunista;Kommunista P0rt;Komunistick0 Strana;Kommunista P0rt;Communistische Partij;Partido Comunista;;Kommunistinenpuolue;
MJZ_conservative;Conservative Party;Parti Conservateur;Konservative Partei;Partia Konserwatywna;Partido Conservador;Partito Conservatore;Konzervat0v P0rt;Konzervativn0 Strana;Konzervat0v P0rt;Conservatieve Partij;Partido Conservador;;Konservatiivipuolue;
MJZ_fascist;Fascist Party;Parti Fasciste;Faschistische Partei;Partia Faszystowska;Partido Fascista;Partito Fascista;Fasiszta P0rt;Fa0istick0 Strana;Fasiszta P0rt;Fascistische Partij;Partido Fascista;;Fasistinenpuolue;
MJZ_liberal;Liberal Party;Parti Lib0ral;Liberale Partei;Partia Liberalna;Partido Liberal;Partito Liberale;Liber0lis P0rt;Liber0ln0 Strana;Liber0lis P0rt;Liberale Partij;Partido Liberal;;Liberaalipuolue;
MJZ_reactionary;National Party;Parti National;Nationale Partei;Partia Narodowa;Partido Nacional;Partito Nazionale;Nemzeti P0rt;N0rodn0 Strana;Nemzeti P0rt;Nationale Partij;Partido Nacional;;Kansallispuolue;
MJZ_socialist;Socialist Party;Parti Socialiste;Sozialistische Partei;Partia Socjalistyczna;Partido Socialista;Partito Socialista;Szocialista P0rt;Socialistick0 Strana;Szocialista P0rt;Socialistische Partij;Partido Socialista;;Sosialistinenpuolue;
MKA;Makuria;Makourie;Makurien;Makuria;Makuria;Makuria;Makuria;Makuria;Makuria;Makuria;Makuria;Makuria;Makuria;
MKA_ADJ;Makurian;makourienne;Makurisch;Makurian;makurio;Makurian;Makurian;Makurian;Makurian;Makurian;Makurian;Makurian;Makurian;
MKA_radical;Radical Party;Parti Radical;Radikale Partei;Partia Radykalna;Partido Radical;Partito Radicale;Radik0lis P0rt;Radik0ln0 Strana;Radik0lis P0rt;Radicale Partij;Partido Radical;;Radikaalipuolue;
MKA_communist;Communist Party;Parti Communiste;Kommunistische Partei;Partia Komunistyczna;Partido Comunista;Partito Comunista;Kommunista P0rt;Komunistick0 Strana;Kommunista P0rt;Communistische Partij;Partido Comunista;;Kommunistinenpuolue;
MKA_conservative;Conservative Party;Parti Conservateur;Konservative Partei;Partia Konserwatywna;Partido Conservador;Partito Conservatore;Konzervat0v P0rt;Konzervativn0 Strana;Konzervat0v P0rt;Conservatieve Partij;Partido Conservador;;Konservatiivipuolue;
MKA_fascist;Fascist Party;Parti Fasciste;Faschistische Partei;Partia Faszystowska;Partido Fascista;Partito Fascista;Fasiszta P0rt;Fa0istick0 Strana;Fasiszta P0rt;Fascistische Partij;Partido Fascista;;Fasistinenpuolue;
MKA_liberal;Liberal Party;Parti Lib0ral;Liberale Partei;Partia Liberalna;Partido Liberal;Partito Liberale;Liber0lis P0rt;Liber0ln0 Strana;Liber0lis P0rt;Liberale Partij;Partido Liberal;;Liberaalipuolue;
MKA_reactionary;National Party;Parti National;Nationale Partei;Partia Narodowa;Partido Nacional;Partito Nazionale;Nemzeti P0rt;N0rodn0 Strana;Nemzeti P0rt;Nationale Partij;Partido Nacional;;Kansallispuolue;
MKA_socialist;Socialist Party;Parti Socialiste;Sozialistische Partei;Partia Socjalistyczna;Partido Socialista;Partito Socialista;Szocialista P0rt;Socialistick0 Strana;Szocialista P0rt;Socialistische Partij;Partido Socialista;;Sosialistinenpuolue;
ML1_radical;Radical Party;Parti Radical;Radikale Partei;Partia Radykalna;Partido Radical;Partito Radicale;Radik0lis P0rt;Radik0ln0 Strana;Radik0lis P0rt;Radicale Partij;Partido Radical;;Radikaalipuolue;
ML1_communist;Communist Party;Parti Communiste;Kommunistische Partei;Partia Komunistyczna;Partido Comunista;Partito Comunista;Kommunista P0rt;Komunistick0 Strana;Kommunista P0rt;Communistische Partij;Partido Comunista;;Kommunistinenpuolue;
ML1_conservative;Conservative Party;Parti Conservateur;Konservative Partei;Partia Konserwatywna;Partido Conservador;Partito Conservatore;Konzervat0v P0rt;Konzervativn0 Strana;Konzervat0v P0rt;Conservatieve Partij;Partido Conservador;;Konservatiivipuolue;
ML1_fascist;Fascist Party;Parti Fasciste;Faschistische Partei;Partia Faszystowska;Partido Fascista;Partito Fascista;Fasiszta P0rt;Fa0istick0 Strana;Fasiszta P0rt;Fascistische Partij;Partido Fascista;;Fasistinenpuolue;
ML1_liberal;Liberal Party;Parti Lib0ral;Liberale Partei;Partia Liberalna;Partido Liberal;Partito Liberale;Liber0lis P0rt;Liber0ln0 Strana;Liber0lis P0rt;Liberale Partij;Partido Liberal;;Liberaalipuolue;
ML1_reactionary;National Party;Parti National;Nationale Partei;Partia Narodowa;Partido Nacional;Partito Nazionale;Nemzeti P0rt;N0rodn0 Strana;Nemzeti P0rt;Nationale Partij;Partido Nacional;;Kansallispuolue;
ML1_socialist;Socialist Party;Parti Socialiste;Sozialistische Partei;Partia Socjalistyczna;Partido Socialista;Partito Socialista;Szocialista P0rt;Socialistick0 Strana;Szocialista P0rt;Socialistische Partij;Partido Socialista;;Sosialistinenpuolue;
MLK;Kharabakh;Karabagh;Bergkarabach;Kashen;Karabaj;Kashen;Kashen;Kashen;Kashen;Kashen;Kashen;Kashen;Kashen;
MLK_ADJ;Kharabakhi;karabaghtsie;Bergkarabachisch;Kharabakhi;karabajés;Kharabakhi;Kharabakhi;Kharabakhi;Kharabakhi;Kharabakhi;Kharabakhi;Kharabakhi;Kharabakhi;
MLK_radical;Radical Party;Parti Radical;Radikale Partei;Partia Radykalna;Partido Radical;Partito Radicale;Radik0lis P0rt;Radik0ln0 Strana;Radik0lis P0rt;Radicale Partij;Partido Radical;;Radikaalipuolue;
MLK_communist;Communist Party;Parti Communiste;Kommunistische Partei;Partia Komunistyczna;Partido Comunista;Partito Comunista;Kommunista P0rt;Komunistick0 Strana;Kommunista P0rt;Communistische Partij;Partido Comunista;;Kommunistinenpuolue;
MLK_conservative;Conservative Party;Parti Conservateur;Konservative Partei;Partia Konserwatywna;Partido Conservador;Partito Conservatore;Konzervat0v P0rt;Konzervativn0 Strana;Konzervat0v P0rt;Conservatieve Partij;Partido Conservador;;Konservatiivipuolue;
MLK_fascist;Fascist Party;Parti Fasciste;Faschistische Partei;Partia Faszystowska;Partido Fascista;Partito Fascista;Fasiszta P0rt;Fa0istick0 Strana;Fasiszta P0rt;Fascistische Partij;Partido Fascista;;Fasistinenpuolue;
MLK_liberal;Liberal Party;Parti Lib0ral;Liberale Partei;Partia Liberalna;Partido Liberal;Partito Liberale;Liber0lis P0rt;Liber0ln0 Strana;Liber0lis P0rt;Liberale Partij;Partido Liberal;;Liberaalipuolue;
MLK_reactionary;National Party;Parti National;Nationale Partei;Partia Narodowa;Partido Nacional;Partito Nazionale;Nemzeti P0rt;N0rodn0 Strana;Nemzeti P0rt;Nationale Partij;Partido Nacional;;Kansallispuolue;
MLK_socialist;Socialist Party;Parti Socialiste;Sozialistische Partei;Partia Socjalistyczna;Partido Socialista;Partito Socialista;Szocialista P0rt;Socialistick0 Strana;Szocialista P0rt;Socialistische Partij;Partido Socialista;;Sosialistinenpuolue;
MMA;Mong Mao;Mongmao;Mongmao;MongMao;Mong Mao;MongMao;MongMao;MongMao;MongMao;MongMao;MongMao;MongMao;MongMao;
MMA_ADJ;Mong Mao;mongmao;Mongmaoanisch;Mong Mao;mongmao;Mong Mao;Mong Mao;Mong Mao;Mong Mao;Mong Mao;Mong Mao;Mong Mao;Mong Mao;
MMA_radical;Radical Party;Parti Radical;Radikale Partei;Partia Radykalna;Partido Radical;Partito Radicale;Radik0lis P0rt;Radik0ln0 Strana;Radik0lis P0rt;Radicale Partij;Partido Radical;;Radikaalipuolue;
MMA_communist;Communist Party;Parti Communiste;Kommunistische Partei;Partia Komunistyczna;Partido Comunista;Partito Comunista;Kommunista P0rt;Komunistick0 Strana;Kommunista P0rt;Communistische Partij;Partido Comunista;;Kommunistinenpuolue;
MMA_conservative;Conservative Party;Parti Conservateur;Konservative Partei;Partia Konserwatywna;Partido Conservador;Partito Conservatore;Konzervat0v P0rt;Konzervativn0 Strana;Konzervat0v P0rt;Conservatieve Partij;Partido Conservador;;Konservatiivipuolue;
MMA_fascist;Fascist Party;Parti Fasciste;Faschistische Partei;Partia Faszystowska;Partido Fascista;Partito Fascista;Fasiszta P0rt;Fa0istick0 Strana;Fasiszta P0rt;Fascistische Partij;Partido Fascista;;Fasistinenpuolue;
MMA_liberal;Liberal Party;Parti Lib0ral;Liberale Partei;Partia Liberalna;Partido Liberal;Partito Liberale;Liber0lis P0rt;Liber0ln0 Strana;Liber0lis P0rt;Liberale Partij;Partido Liberal;;Liberaalipuolue;
MMA_reactionary;National Party;Parti National;Nationale Partei;Partia Narodowa;Partido Nacional;Partito Nazionale;Nemzeti P0rt;N0rodn0 Strana;Nemzeti P0rt;Nationale Partij;Partido Nacional;;Kansallispuolue;
MMA_socialist;Socialist Party;Parti Socialiste;Sozialistische Partei;Partia Socjalistyczna;Partido Socialista;Partito Socialista;Szocialista P0rt;Socialistick0 Strana;Szocialista P0rt;Socialistische Partij;Partido Socialista;;Sosialistinenpuolue;
MMI_radical;Radical Party;Parti Radical;Radikale Partei;Partia Radykalna;Partido Radical;Partito Radicale;Radik0lis P0rt;Radik0ln0 Strana;Radik0lis P0rt;Radicale Partij;Partido Radical;;Radikaalipuolue;
MMI_communist;Communist Party;Parti Communiste;Kommunistische Partei;Partia Komunistyczna;Partido Comunista;Partito Comunista;Kommunista P0rt;Komunistick0 Strana;Kommunista P0rt;Communistische Partij;Partido Comunista;;Kommunistinenpuolue;
MMI_conservative;Conservative Party;Parti Conservateur;Konservative Partei;Partia Konserwatywna;Partido Conservador;Partito Conservatore;Konzervat0v P0rt;Konzervativn0 Strana;Konzervat0v P0rt;Conservatieve Partij;Partido Conservador;;Konservatiivipuolue;
MMI_fascist;Fascist Party;Parti Fasciste;Faschistische Partei;Partia Faszystowska;Partido Fascista;Partito Fascista;Fasiszta P0rt;Fa0istick0 Strana;Fasiszta P0rt;Fascistische Partij;Partido Fascista;;Fasistinenpuolue;
MMI_liberal;Liberal Party;Parti Lib0ral;Liberale Partei;Partia Liberalna;Partido Liberal;Partito Liberale;Liber0lis P0rt;Liber0ln0 Strana;Liber0lis P0rt;Liberale Partij;Partido Liberal;;Liberaalipuolue;
MMI_reactionary;National Party;Parti National;Nationale Partei;Partia Narodowa;Partido Nacional;Partito Nazionale;Nemzeti P0rt;N0rodn0 Strana;Nemzeti P0rt;Nationale Partij;Partido Nacional;;Kansallispuolue;
MMI_socialist;Socialist Party;Parti Socialiste;Sozialistische Partei;Partia Socjalistyczna;Partido Socialista;Partito Socialista;Szocialista P0rt;Socialistick0 Strana;Szocialista P0rt;Socialistische Partij;Partido Socialista;;Sosialistinenpuolue;
MNA;Maynila;Maynila;Manila;Maynila;Manila;Maynila;Maynila;Maynila;Maynila;Maynila;Maynila;Maynila;Maynila;
MNA_ADJ;Maynilan;maynilane;Manilanisch;Maynilan;manileño;Maynilan;Maynilan;Maynilan;Maynilan;Maynilan;Maynilan;Maynilan;Maynilan;
MNA_radical;Radical Party;Parti Radical;Radikale Partei;Partia Radykalna;Partido Radical;Partito Radicale;Radik0lis P0rt;Radik0ln0 Strana;Radik0lis P0rt;Radicale Partij;Partido Radical;;Radikaalipuolue;
MNA_communist;Communist Party;Parti Communiste;Kommunistische Partei;Partia Komunistyczna;Partido Comunista;Partito Comunista;Kommunista P0rt;Komunistick0 Strana;Kommunista P0rt;Communistische Partij;Partido Comunista;;Kommunistinenpuolue;
MNA_conservative;Conservative Party;Parti Conservateur;Konservative Partei;Partia Konserwatywna;Partido Conservador;Partito Conservatore;Konzervat0v P0rt;Konzervativn0 Strana;Konzervat0v P0rt;Conservatieve Partij;Partido Conservador;;Konservatiivipuolue;
MNA_fascist;Fascist Party;Parti Fasciste;Faschistische Partei;Partia Faszystowska;Partido Fascista;Partito Fascista;Fasiszta P0rt;Fa0istick0 Strana;Fasiszta P0rt;Fascistische Partij;Partido Fascista;;Fasistinenpuolue;
MNA_liberal;Liberal Party;Parti Lib0ral;Liberale Partei;Partia Liberalna;Partido Liberal;Partito Liberale;Liber0lis P0rt;Liber0ln0 Strana;Liber0lis P0rt;Liberale Partij;Partido Liberal;;Liberaalipuolue;
MNA_reactionary;National Party;Parti National;Nationale Partei;Partia Narodowa;Partido Nacional;Partito Nazionale;Nemzeti P0rt;N0rodn0 Strana;Nemzeti P0rt;Nationale Partij;Partido Nacional;;Kansallispuolue;
MNA_socialist;Socialist Party;Parti Socialiste;Sozialistische Partei;Partia Socjalistyczna;Partido Socialista;Partito Socialista;Szocialista P0rt;Socialistick0 Strana;Szocialista P0rt;Socialistische Partij;Partido Socialista;;Sosialistinenpuolue;
MNI;Mong Nai;Mongnai;Mongnai;MongNai;Mong Nai;MongNai;MongNai;MongNai;MongNai;MongNai;MongNai;MongNai;MongNai;
MNI_ADJ;Mong Nai;mongnai;Mongnaisch;Mong Nai;mongnaí;Mong Nai;Mong Nai;Mong Nai;Mong Nai;Mong Nai;Mong Nai;Mong Nai;Mong Nai;
MNI_radical;Radical Party;Parti Radical;Radikale Partei;Partia Radykalna;Partido Radical;Partito Radicale;Radik0lis P0rt;Radik0ln0 Strana;Radik0lis P0rt;Radicale Partij;Partido Radical;;Radikaalipuolue;
MNI_communist;Communist Party;Parti Communiste;Kommunistische Partei;Partia Komunistyczna;Partido Comunista;Partito Comunista;Kommunista P0rt;Komunistick0 Strana;Kommunista P0rt;Communistische Partij;Partido Comunista;;Kommunistinenpuolue;
MNI_conservative;Conservative Party;Parti Conservateur;Konservative Partei;Partia Konserwatywna;Partido Conservador;Partito Conservatore;Konzervat0v P0rt;Konzervativn0 Strana;Konzervat0v P0rt;Conservatieve Partij;Partido Conservador;;Konservatiivipuolue;
MNI_fascist;Fascist Party;Parti Fasciste;Faschistische Partei;Partia Faszystowska;Partido Fascista;Partito Fascista;Fasiszta P0rt;Fa0istick0 Strana;Fasiszta P0rt;Fascistische Partij;Partido Fascista;;Fasistinenpuolue;
MNI_liberal;Liberal Party;Parti Lib0ral;Liberale Partei;Partia Liberalna;Partido Liberal;Partito Liberale;Liber0lis P0rt;Liber0ln0 Strana;Liber0lis P0rt;Liberale Partij;Partido Liberal;;Liberaalipuolue;
MNI_reactionary;National Party;Parti National;Nationale Partei;Partia Narodowa;Partido Nacional;Partito Nazionale;Nemzeti P0rt;N0rodn0 Strana;Nemzeti P0rt;Nationale Partij;Partido Nacional;;Kansallispuolue;
MNI_socialist;Socialist Party;Parti Socialiste;Sozialistische Partei;Partia Socjalistyczna;Partido Socialista;Partito Socialista;Szocialista P0rt;Socialistick0 Strana;Szocialista P0rt;Socialistische Partij;Partido Socialista;;Sosialistinenpuolue;
MPA;Mong Pai;Mongpai;Mongpai;MongPai;Mong Pai;MongPai;MongPai;MongPai;MongPai;MongPai;MongPai;MongPai;MongPai;
MPA_ADJ;Mong Pai;mongpai;Mongpaianisch;Mong Pai;mongpaino;Mong Pai;Mong Pai;Mong Pai;Mong Pai;Mong Pai;Mong Pai;Mong Pai;Mong Pai;
MPA_radical;Radical Party;Parti Radical;Radikale Partei;Partia Radykalna;Partido Radical;Partito Radicale;Radik0lis P0rt;Radik0ln0 Strana;Radik0lis P0rt;Radicale Partij;Partido Radical;;Radikaalipuolue;
MPA_communist;Communist Party;Parti Communiste;Kommunistische Partei;Partia Komunistyczna;Partido Comunista;Partito Comunista;Kommunista P0rt;Komunistick0 Strana;Kommunista P0rt;Communistische Partij;Partido Comunista;;Kommunistinenpuolue;
MPA_conservative;Conservative Party;Parti Conservateur;Konservative Partei;Partia Konserwatywna;Partido Conservador;Partito Conservatore;Konzervat0v P0rt;Konzervativn0 Strana;Konzervat0v P0rt;Conservatieve Partij;Partido Conservador;;Konservatiivipuolue;
MPA_fascist;Fascist Party;Parti Fasciste;Faschistische Partei;Partia Faszystowska;Partido Fascista;Partito Fascista;Fasiszta P0rt;Fa0istick0 Strana;Fasiszta P0rt;Fascistische Partij;Partido Fascista;;Fasistinenpuolue;
MPA_liberal;Liberal Party;Parti Lib0ral;Liberale Partei;Partia Liberalna;Partido Liberal;Partito Liberale;Liber0lis P0rt;Liber0ln0 Strana;Liber0lis P0rt;Liberale Partij;Partido Liberal;;Liberaalipuolue;
MPA_reactionary;National Party;Parti National;Nationale Partei;Partia Narodowa;Partido Nacional;Partito Nazionale;Nemzeti P0rt;N0rodn0 Strana;Nemzeti P0rt;Nationale Partij;Partido Nacional;;Kansallispuolue;
MPA_socialist;Socialist Party;Parti Socialiste;Sozialistische Partei;Partia Socjalistyczna;Partido Socialista;Partito Socialista;Szocialista P0rt;Socialistick0 Strana;Szocialista P0rt;Socialistische Partij;Partido Socialista;;Sosialistinenpuolue;
MPC;Mapuche;Mapuches;Mapuche;Mapuche;Mapuche;Mapuche;Mapuche;Mapuche;Mapuche;Mapuche;Mapuche;Mapuche;Mapuche;
MPC_ADJ;Mapuche;mapuche;Mapuch;Mapuche;mapuche;Mapuche;Mapuche;Mapuche;Mapuche;Mapuche;Mapuche;Mapuche;Mapuche;
MPC_radical;Radical Party;Parti Radical;Radikale Partei;Partia Radykalna;Partido Radical;Partito Radicale;Radik0lis P0rt;Radik0ln0 Strana;Radik0lis P0rt;Radicale Partij;Partido Radical;;Radikaalipuolue;
MPC_communist;Communist Party;Parti Communiste;Kommunistische Partei;Partia Komunistyczna;Partido Comunista;Partito Comunista;Kommunista P0rt;Komunistick0 Strana;Kommunista P0rt;Communistische Partij;Partido Comunista;;Kommunistinenpuolue;
MPC_conservative;Conservative Party;Parti Conservateur;Konservative Partei;Partia Konserwatywna;Partido Conservador;Partito Conservatore;Konzervat0v P0rt;Konzervativn0 Strana;Konzervat0v P0rt;Conservatieve Partij;Partido Conservador;;Konservatiivipuolue;
MPC_fascist;Fascist Party;Parti Fasciste;Faschistische Partei;Partia Faszystowska;Partido Fascista;Partito Fascista;Fasiszta P0rt;Fa0istick0 Strana;Fasiszta P0rt;Fascistische Partij;Partido Fascista;;Fasistinenpuolue;
MPC_liberal;Liberal Party;Parti Lib0ral;Liberale Partei;Partia Liberalna;Partido Liberal;Partito Liberale;Liber0lis P0rt;Liber0ln0 Strana;Liber0lis P0rt;Liberale Partij;Partido Liberal;;Liberaalipuolue;
MPC_reactionary;National Party;Parti National;Nationale Partei;Partia Narodowa;Partido Nacional;Partito Nazionale;Nemzeti P0rt;N0rodn0 Strana;Nemzeti P0rt;Nationale Partij;Partido Nacional;;Kansallispuolue;
MPC_socialist;Socialist Party;Parti Socialiste;Sozialistische Partei;Partia Socjalistyczna;Partido Socialista;Partito Socialista;Szocialista P0rt;Socialistick0 Strana;Szocialista P0rt;Socialistische Partij;Partido Socialista;;Sosialistinenpuolue;
MRE;Marehan;Marehan;Marehan;Marehan;Marehan;Marehan;Marehan;Marehan;Marehan;Marehan;Marehan;Marehan;Marehan;
MRE_ADJ;Marehan;marehan;Marehanisch;Marehan;marehano;Marehan;Marehan;Marehan;Marehan;Marehan;Marehan;Marehan;Marehan;
MRE_radical;Radical Party;Parti Radical;Radikale Partei;Partia Radykalna;Partido Radical;Partito Radicale;Radik0lis P0rt;Radik0ln0 Strana;Radik0lis P0rt;Radicale Partij;Partido Radical;;Radikaalipuolue;
MRE_communist;Communist Party;Parti Communiste;Kommunistische Partei;Partia Komunistyczna;Partido Comunista;Partito Comunista;Kommunista P0rt;Komunistick0 Strana;Kommunista P0rt;Communistische Partij;Partido Comunista;;Kommunistinenpuolue;
MRE_conservative;Conservative Party;Parti Conservateur;Konservative Partei;Partia Konserwatywna;Partido Conservador;Partito Conservatore;Konzervat0v P0rt;Konzervativn0 Strana;Konzervat0v P0rt;Conservatieve Partij;Partido Conservador;;Konservatiivipuolue;
MRE_fascist;Fascist Party;Parti Fasciste;Faschistische Partei;Partia Faszystowska;Partido Fascista;Partito Fascista;Fasiszta P0rt;Fa0istick0 Strana;Fasiszta P0rt;Fascistische Partij;Partido Fascista;;Fasistinenpuolue;
MRE_liberal;Liberal Party;Parti Lib0ral;Liberale Partei;Partia Liberalna;Partido Liberal;Partito Liberale;Liber0lis P0rt;Liber0ln0 Strana;Liber0lis P0rt;Liberale Partij;Partido Liberal;;Liberaalipuolue;
MRE_reactionary;National Party;Parti National;Nationale Partei;Partia Narodowa;Partido Nacional;Partito Nazionale;Nemzeti P0rt;N0rodn0 Strana;Nemzeti P0rt;Nationale Partij;Partido Nacional;;Kansallispuolue;
MRE_socialist;Socialist Party;Parti Socialiste;Sozialistische Partei;Partia Socjalistyczna;Partido Socialista;Partito Socialista;Szocialista P0rt;Socialistick0 Strana;Szocialista P0rt;Socialistische Partij;Partido Socialista;;Sosialistinenpuolue;
MRK;Marrakesh;Marrakech;Marrakesch;Marrakesh;Marrakech;Marrakesh;Marrakesh;Marrakesh;Marrakesh;Marrakesh;Marrakesh;Marrakesh;Marrakesh;
MRK_ADJ;Marrakesh;marrakéchoise;Marrakeschisch;Marrakesh;marrakechí;Marrakesh;Marrakesh;Marrakesh;Marrakesh;Marrakesh;Marrakesh;Marrakesh;Marrakesh;
MRK_radical;Radical Party;Parti Radical;Radikale Partei;Partia Radykalna;Partido Radical;Partito Radicale;Radik0lis P0rt;Radik0ln0 Strana;Radik0lis P0rt;Radicale Partij;Partido Radical;;Radikaalipuolue;
MRK_communist;Communist Party;Parti Communiste;Kommunistische Partei;Partia Komunistyczna;Partido Comunista;Partito Comunista;Kommunista P0rt;Komunistick0 Strana;Kommunista P0rt;Communistische Partij;Partido Comunista;;Kommunistinenpuolue;
MRK_conservative;Conservative Party;Parti Conservateur;Konservative Partei;Partia Konserwatywna;Partido Conservador;Partito Conservatore;Konzervat0v P0rt;Konzervativn0 Strana;Konzervat0v P0rt;Conservatieve Partij;Partido Conservador;;Konservatiivipuolue;
MRK_fascist;Fascist Party;Parti Fasciste;Faschistische Partei;Partia Faszystowska;Partido Fascista;Partito Fascista;Fasiszta P0rt;Fa0istick0 Strana;Fasiszta P0rt;Fascistische Partij;Partido Fascista;;Fasistinenpuolue;
MRK_liberal;Liberal Party;Parti Lib0ral;Liberale Partei;Partia Liberalna;Partido Liberal;Partito Liberale;Liber0lis P0rt;Liber0ln0 Strana;Liber0lis P0rt;Liberale Partij;Partido Liberal;;Liberaalipuolue;
MRK_reactionary;National Party;Parti National;Nationale Partei;Partia Narodowa;Partido Nacional;Partito Nazionale;Nemzeti P0rt;N0rodn0 Strana;Nemzeti P0rt;Nationale Partij;Partido Nacional;;Kansallispuolue;
MRK_socialist;Socialist Party;Parti Socialiste;Sozialistische Partei;Partia Socjalistyczna;Partido Socialista;Partito Socialista;Szocialista P0rt;Socialistick0 Strana;Szocialista P0rt;Socialistische Partij;Partido Socialista;;Sosialistinenpuolue;
MSC;Mescalero;Mescaleros;Mescalero;Mescalero;Mescalero;Mescalero;Mescalero;Mescalero;Mescalero;Mescalero;Mescalero;Mescalero;Mescalero;
MSC_ADJ;Mescalero;mescalera;Mescaleroanisch;Mescalero;mescalero;Mescalero;Mescalero;Mescalero;Mescalero;Mescalero;Mescalero;Mescalero;Mescalero;
MSC_radical;Radical Party;Parti Radical;Radikale Partei;Partia Radykalna;Partido Radical;Partito Radicale;Radik0lis P0rt;Radik0ln0 Strana;Radik0lis P0rt;Radicale Partij;Partido Radical;;Radikaalipuolue;
MSC_communist;Communist Party;Parti Communiste;Kommunistische Partei;Partia Komunistyczna;Partido Comunista;Partito Comunista;Kommunista P0rt;Komunistick0 Strana;Kommunista P0rt;Communistische Partij;Partido Comunista;;Kommunistinenpuolue;
MSC_conservative;Conservative Party;Parti Conservateur;Konservative Partei;Partia Konserwatywna;Partido Conservador;Partito Conservatore;Konzervat0v P0rt;Konzervativn0 Strana;Konzervat0v P0rt;Conservatieve Partij;Partido Conservador;;Konservatiivipuolue;
MSC_fascist;Fascist Party;Parti Fasciste;Faschistische Partei;Partia Faszystowska;Partido Fascista;Partito Fascista;Fasiszta P0rt;Fa0istick0 Strana;Fasiszta P0rt;Fascistische Partij;Partido Fascista;;Fasistinenpuolue;
MSC_liberal;Liberal Party;Parti Lib0ral;Liberale Partei;Partia Liberalna;Partido Liberal;Partito Liberale;Liber0lis P0rt;Liber0ln0 Strana;Liber0lis P0rt;Liberale Partij;Partido Liberal;;Liberaalipuolue;
MSC_reactionary;National Party;Parti National;Nationale Partei;Partia Narodowa;Partido Nacional;Partito Nazionale;Nemzeti P0rt;N0rodn0 Strana;Nemzeti P0rt;Nationale Partij;Partido Nacional;;Kansallispuolue;
MSC_socialist;Socialist Party;Parti Socialiste;Sozialistische Partei;Partia Socjalistyczna;Partido Socialista;Partito Socialista;Szocialista P0rt;Socialistick0 Strana;Szocialista P0rt;Socialistische Partij;Partido Socialista;;Sosialistinenpuolue;
MSY;Mushasha;Musha'sha'îyâ;Mushasha;Mushashaiyyah;Mushasha;Mushashaiyyah;Mushashaiyyah;Mushashaiyyah;Mushashaiyyah;Mushashaiyyah;Mushashaiyyah;Mushashaiyyah;Mushashaiyyah;
MSY_ADJ;Mushashan;musha'sha'îyâ;Mushashanisch;Mushashan;mushashí;Mushashan;Mushashan;Mushashan;Mushashan;Mushashan;Mushashan;Mushashan;Mushashan;
MSY_radical;Radical Party;Parti Radical;Radikale Partei;Partia Radykalna;Partido Radical;Partito Radicale;Radik0lis P0rt;Radik0ln0 Strana;Radik0lis P0rt;Radicale Partij;Partido Radical;;Radikaalipuolue;
MSY_communist;Communist Party;Parti Communiste;Kommunistische Partei;Partia Komunistyczna;Partido Comunista;Partito Comunista;Kommunista P0rt;Komunistick0 Strana;Kommunista P0rt;Communistische Partij;Partido Comunista;;Kommunistinenpuolue;
MSY_conservative;Conservative Party;Parti Conservateur;Konservative Partei;Partia Konserwatywna;Partido Conservador;Partito Conservatore;Konzervat0v P0rt;Konzervativn0 Strana;Konzervat0v P0rt;Conservatieve Partij;Partido Conservador;;Konservatiivipuolue;
MSY_fascist;Fascist Party;Parti Fasciste;Faschistische Partei;Partia Faszystowska;Partido Fascista;Partito Fascista;Fasiszta P0rt;Fa0istick0 Strana;Fasiszta P0rt;Fascistische Partij;Partido Fascista;;Fasistinenpuolue;
MSY_liberal;Liberal Party;Parti Lib0ral;Liberale Partei;Partia Liberalna;Partido Liberal;Partito Liberale;Liber0lis P0rt;Liber0ln0 Strana;Liber0lis P0rt;Liberale Partij;Partido Liberal;;Liberaalipuolue;
MSY_reactionary;National Party;Parti National;Nationale Partei;Partia Narodowa;Partido Nacional;Partito Nazionale;Nemzeti P0rt;N0rodn0 Strana;Nemzeti P0rt;Nationale Partij;Partido Nacional;;Kansallispuolue;
MSY_socialist;Socialist Party;Parti Socialiste;Sozialistische Partei;Partia Socjalistyczna;Partido Socialista;Partito Socialista;Szocialista P0rt;Socialistick0 Strana;Szocialista P0rt;Socialistische Partij;Partido Socialista;;Sosialistinenpuolue;
MTL;Matlatzinca;Matlatzincas;Matlatzinca;Matlatzinca;Matlatzinca;Matlatzinca;Matlatzinca;Matlatzinca;Matlatzinca;Matlatzinca;Matlatzinca;Matlatzinca;Matlatzinca;
MTL_ADJ;Matlatzincan;matlatzinca;Matlatzincanisch;Matlatzincan;matlazinca;Matlatzincan;Matlatzincan;Matlatzincan;Matlatzincan;Matlatzincan;Matlatzincan;Matlatzincan;Matlatzincan;
MTL_radical;Radical Party;Parti Radical;Radikale Partei;Partia Radykalna;Partido Radical;Partito Radicale;Radik0lis P0rt;Radik0ln0 Strana;Radik0lis P0rt;Radicale Partij;Partido Radical;;Radikaalipuolue;
MTL_communist;Communist Party;Parti Communiste;Kommunistische Partei;Partia Komunistyczna;Partido Comunista;Partito Comunista;Kommunista P0rt;Komunistick0 Strana;Kommunista P0rt;Communistische Partij;Partido Comunista;;Kommunistinenpuolue;
MTL_conservative;Conservative Party;Parti Conservateur;Konservative Partei;Partia Konserwatywna;Partido Conservador;Partito Conservatore;Konzervat0v P0rt;Konzervativn0 Strana;Konzervat0v P0rt;Conservatieve Partij;Partido Conservador;;Konservatiivipuolue;
MTL_fascist;Fascist Party;Parti Fasciste;Faschistische Partei;Partia Faszystowska;Partido Fascista;Partito Fascista;Fasiszta P0rt;Fa0istick0 Strana;Fasiszta P0rt;Fascistische Partij;Partido Fascista;;Fasistinenpuolue;
MTL_liberal;Liberal Party;Parti Lib0ral;Liberale Partei;Partia Liberalna;Partido Liberal;Partito Liberale;Liber0lis P0rt;Liber0ln0 Strana;Liber0lis P0rt;Liberale Partij;Partido Liberal;;Liberaalipuolue;
MTL_reactionary;National Party;Parti National;Nationale Partei;Partia Narodowa;Partido Nacional;Partito Nazionale;Nemzeti P0rt;N0rodn0 Strana;Nemzeti P0rt;Nationale Partij;Partido Nacional;;Kansallispuolue;
MTL_socialist;Socialist Party;Parti Socialiste;Sozialistische Partei;Partia Socjalistyczna;Partido Socialista;Partito Socialista;Szocialista P0rt;Socialistick0 Strana;Szocialista P0rt;Socialistische Partij;Partido Socialista;;Sosialistinenpuolue;
MUL_radical;Radical Party;Parti Radical;Radikale Partei;Partia Radykalna;Partido Radical;Partito Radicale;Radik0lis P0rt;Radik0ln0 Strana;Radik0lis P0rt;Radicale Partij;Partido Radical;;Radikaalipuolue;
MUL_communist;Communist Party;Parti Communiste;Kommunistische Partei;Partia Komunistyczna;Partido Comunista;Partito Comunista;Kommunista P0rt;Komunistick0 Strana;Kommunista P0rt;Communistische Partij;Partido Comunista;;Kommunistinenpuolue;
MUL_conservative;Conservative Party;Parti Conservateur;Konservative Partei;Partia Konserwatywna;Partido Conservador;Partito Conservatore;Konzervat0v P0rt;Konzervativn0 Strana;Konzervat0v P0rt;Conservatieve Partij;Partido Conservador;;Konservatiivipuolue;
MUL_fascist;Fascist Party;Parti Fasciste;Faschistische Partei;Partia Faszystowska;Partido Fascista;Partito Fascista;Fasiszta P0rt;Fa0istick0 Strana;Fasiszta P0rt;Fascistische Partij;Partido Fascista;;Fasistinenpuolue;
MUL_liberal;Liberal Party;Parti Lib0ral;Liberale Partei;Partia Liberalna;Partido Liberal;Partito Liberale;Liber0lis P0rt;Liber0ln0 Strana;Liber0lis P0rt;Liberale Partij;Partido Liberal;;Liberaalipuolue;
MUL_reactionary;National Party;Parti National;Nationale Partei;Partia Narodowa;Partido Nacional;Partito Nazionale;Nemzeti P0rt;N0rodn0 Strana;Nemzeti P0rt;Nationale Partij;Partido Nacional;;Kansallispuolue;
MUL_socialist;Socialist Party;Parti Socialiste;Sozialistische Partei;Partia Socjalistyczna;Partido Socialista;Partito Socialista;Szocialista P0rt;Socialistick0 Strana;Szocialista P0rt;Socialistische Partij;Partido Socialista;;Sosialistinenpuolue;
MWT_radical;Radical Party;Parti Radical;Radikale Partei;Partia Radykalna;Partido Radical;Partito Radicale;Radik0lis P0rt;Radik0ln0 Strana;Radik0lis P0rt;Radicale Partij;Partido Radical;;Radikaalipuolue;
MWT_communist;Communist Party;Parti Communiste;Kommunistische Partei;Partia Komunistyczna;Partido Comunista;Partito Comunista;Kommunista P0rt;Komunistick0 Strana;Kommunista P0rt;Communistische Partij;Partido Comunista;;Kommunistinenpuolue;
MWT_conservative;Conservative Party;Parti Conservateur;Konservative Partei;Partia Konserwatywna;Partido Conservador;Partito Conservatore;Konzervat0v P0rt;Konzervativn0 Strana;Konzervat0v P0rt;Conservatieve Partij;Partido Conservador;;Konservatiivipuolue;
MWT_fascist;Fascist Party;Parti Fasciste;Faschistische Partei;Partia Faszystowska;Partido Fascista;Partito Fascista;Fasiszta P0rt;Fa0istick0 Strana;Fasiszta P0rt;Fascistische Partij;Partido Fascista;;Fasistinenpuolue;
MWT_liberal;Liberal Party;Parti Lib0ral;Liberale Partei;Partia Liberalna;Partido Liberal;Partito Liberale;Liber0lis P0rt;Liber0ln0 Strana;Liber0lis P0rt;Liberale Partij;Partido Liberal;;Liberaalipuolue;
MWT_reactionary;National Party;Parti National;Nationale Partei;Partia Narodowa;Partido Nacional;Partito Nazionale;Nemzeti P0rt;N0rodn0 Strana;Nemzeti P0rt;Nationale Partij;Partido Nacional;;Kansallispuolue;
MWT_socialist;Socialist Party;Parti Socialiste;Sozialistische Partei;Partia Socjalistyczna;Partido Socialista;Partito Socialista;Szocialista P0rt;Socialistick0 Strana;Szocialista P0rt;Socialistische Partij;Partido Socialista;;Sosialistinenpuolue;
MYA;Mong Yang;Mongyang;Mongyang;MongYang;Mong Yang;MongYang;MongYang;MongYang;MongYang;MongYang;MongYang;MongYang;MongYang;
MYA_ADJ;Mong Yang;mongyang;Mongyangisch;Mong Yang;mongyang;Mong Yang;Mong Yang;Mong Yang;Mong Yang;Mong Yang;Mong Yang;Mong Yang;Mong Yang;
MYA_radical;Radical Party;Parti Radical;Radikale Partei;Partia Radykalna;Partido Radical;Partito Radicale;Radik0lis P0rt;Radik0ln0 Strana;Radik0lis P0rt;Radicale Partij;Partido Radical;;Radikaalipuolue;
MYA_communist;Communist Party;Parti Communiste;Kommunistische Partei;Partia Komunistyczna;Partido Comunista;Partito Comunista;Kommunista P0rt;Komunistick0 Strana;Kommunista P0rt;Communistische Partij;Partido Comunista;;Kommunistinenpuolue;
MYA_conservative;Conservative Party;Parti Conservateur;Konservative Partei;Partia Konserwatywna;Partido Conservador;Partito Conservatore;Konzervat0v P0rt;Konzervativn0 Strana;Konzervat0v P0rt;Conservatieve Partij;Partido Conservador;;Konservatiivipuolue;
MYA_fascist;Fascist Party;Parti Fasciste;Faschistische Partei;Partia Faszystowska;Partido Fascista;Partito Fascista;Fasiszta P0rt;Fa0istick0 Strana;Fasiszta P0rt;Fascistische Partij;Partido Fascista;;Fasistinenpuolue;
MYA_liberal;Liberal Party;Parti Lib0ral;Liberale Partei;Partia Liberalna;Partido Liberal;Partito Liberale;Liber0lis P0rt;Liber0ln0 Strana;Liber0lis P0rt;Liberale Partij;Partido Liberal;;Liberaalipuolue;
MYA_reactionary;National Party;Parti National;Nationale Partei;Partia Narodowa;Partido Nacional;Partito Nazionale;Nemzeti P0rt;N0rodn0 Strana;Nemzeti P0rt;Nationale Partij;Partido Nacional;;Kansallispuolue;
MYA_socialist;Socialist Party;Parti Socialiste;Sozialistische Partei;Partia Socjalistyczna;Partido Socialista;Partito Socialista;Szocialista P0rt;Socialistick0 Strana;Szocialista P0rt;Socialistische Partij;Partido Socialista;;Sosialistinenpuolue;
MYR;Yeren;Yeren;Yeren;Yeren;Yeren;Yeren;Yeren;Yeren;Yeren;Yeren;Yeren;Yeren;Yeren;
MYR_ADJ;Yeren;yeren;Yerenisch;Yeren;yeren;Yeren;Yeren;Yeren;Yeren;Yeren;Yeren;Yeren;Yeren;
MYR_radical;Radical Party;Parti Radical;Radikale Partei;Partia Radykalna;Partido Radical;Partito Radicale;Radik0lis P0rt;Radik0ln0 Strana;Radik0lis P0rt;Radicale Partij;Partido Radical;;Radikaalipuolue;
MYR_communist;Communist Party;Parti Communiste;Kommunistische Partei;Partia Komunistyczna;Partido Comunista;Partito Comunista;Kommunista P0rt;Komunistick0 Strana;Kommunista P0rt;Communistische Partij;Partido Comunista;;Kommunistinenpuolue;
MYR_conservative;Conservative Party;Parti Conservateur;Konservative Partei;Partia Konserwatywna;Partido Conservador;Partito Conservatore;Konzervat0v P0rt;Konzervativn0 Strana;Konzervat0v P0rt;Conservatieve Partij;Partido Conservador;;Konservatiivipuolue;
MYR_fascist;Fascist Party;Parti Fasciste;Faschistische Partei;Partia Faszystowska;Partido Fascista;Partito Fascista;Fasiszta P0rt;Fa0istick0 Strana;Fasiszta P0rt;Fascistische Partij;Partido Fascista;;Fasistinenpuolue;
MYR_liberal;Liberal Party;Parti Lib0ral;Liberale Partei;Partia Liberalna;Partido Liberal;Partito Liberale;Liber0lis P0rt;Liber0ln0 Strana;Liber0lis P0rt;Liberale Partij;Partido Liberal;;Liberaalipuolue;
MYR_reactionary;National Party;Parti National;Nationale Partei;Partia Narodowa;Partido Nacional;Partito Nazionale;Nemzeti P0rt;N0rodn0 Strana;Nemzeti P0rt;Nationale Partij;Partido Nacional;;Kansallispuolue;
MYR_socialist;Socialist Party;Parti Socialiste;Sozialistische Partei;Partia Socjalistyczna;Partido Socialista;Partito Socialista;Szocialista P0rt;Socialistick0 Strana;Szocialista P0rt;Socialistische Partij;Partido Socialista;;Sosialistinenpuolue;
MZB;Mzab;Mzab;Mzab;Mzab;Mzab;Mzab;Mzab;Mzab;Mzab;Mzab;Mzab;Mzab;Mzab;
MZB_ADJ;Mozabite;mozabite;Mozabitisch;Mozabite;mozabitos;Mozabite;Mozabite;Mozabite;Mozabite;Mozabite;Mozabite;Mozabite;Mozabite;
MZB_radical;Radical Party;Parti Radical;Radikale Partei;Partia Radykalna;Partido Radical;Partito Radicale;Radik0lis P0rt;Radik0ln0 Strana;Radik0lis P0rt;Radicale Partij;Partido Radical;;Radikaalipuolue;
MZB_communist;Communist Party;Parti Communiste;Kommunistische Partei;Partia Komunistyczna;Partido Comunista;Partito Comunista;Kommunista P0rt;Komunistick0 Strana;Kommunista P0rt;Communistische Partij;Partido Comunista;;Kommunistinenpuolue;
MZB_conservative;Conservative Party;Parti Conservateur;Konservative Partei;Partia Konserwatywna;Partido Conservador;Partito Conservatore;Konzervat0v P0rt;Konzervativn0 Strana;Konzervat0v P0rt;Conservatieve Partij;Partido Conservador;;Konservatiivipuolue;
MZB_fascist;Fascist Party;Parti Fasciste;Faschistische Partei;Partia Faszystowska;Partido Fascista;Partito Fascista;Fasiszta P0rt;Fa0istick0 Strana;Fasiszta P0rt;Fascistische Partij;Partido Fascista;;Fasistinenpuolue;
MZB_liberal;Liberal Party;Parti Lib0ral;Liberale Partei;Partia Liberalna;Partido Liberal;Partito Liberale;Liber0lis P0rt;Liber0ln0 Strana;Liber0lis P0rt;Liberale Partij;Partido Liberal;;Liberaalipuolue;
MZB_reactionary;National Party;Parti National;Nationale Partei;Partia Narodowa;Partido Nacional;Partito Nazionale;Nemzeti P0rt;N0rodn0 Strana;Nemzeti P0rt;Nationale Partij;Partido Nacional;;Kansallispuolue;
MZB_socialist;Socialist Party;Parti Socialiste;Sozialistische Partei;Partia Socjalistyczna;Partido Socialista;Partito Socialista;Szocialista P0rt;Socialistick0 Strana;Szocialista P0rt;Socialistische Partij;Partido Socialista;;Sosialistinenpuolue;
NAH_radical;Radical Party;Parti Radical;Radikale Partei;Partia Radykalna;Partido Radical;Partito Radicale;Radik0lis P0rt;Radik0ln0 Strana;Radik0lis P0rt;Radicale Partij;Partido Radical;;Radikaalipuolue;
NAH_communist;Communist Party;Parti Communiste;Kommunistische Partei;Partia Komunistyczna;Partido Comunista;Partito Comunista;Kommunista P0rt;Komunistick0 Strana;Kommunista P0rt;Communistische Partij;Partido Comunista;;Kommunistinenpuolue;
NAH_conservative;Conservative Party;Parti Conservateur;Konservative Partei;Partia Konserwatywna;Partido Conservador;Partito Conservatore;Konzervat0v P0rt;Konzervativn0 Strana;Konzervat0v P0rt;Conservatieve Partij;Partido Conservador;;Konservatiivipuolue;
NAH_fascist;Fascist Party;Parti Fasciste;Faschistische Partei;Partia Faszystowska;Partido Fascista;Partito Fascista;Fasiszta P0rt;Fa0istick0 Strana;Fasiszta P0rt;Fascistische Partij;Partido Fascista;;Fasistinenpuolue;
NAH_liberal;Liberal Party;Parti Lib0ral;Liberale Partei;Partia Liberalna;Partido Liberal;Partito Liberale;Liber0lis P0rt;Liber0ln0 Strana;Liber0lis P0rt;Liberale Partij;Partido Liberal;;Liberaalipuolue;
NAH_reactionary;National Party;Parti National;Nationale Partei;Partia Narodowa;Partido Nacional;Partito Nazionale;Nemzeti P0rt;N0rodn0 Strana;Nemzeti P0rt;Nationale Partij;Partido Nacional;;Kansallispuolue;
NAH_socialist;Socialist Party;Parti Socialiste;Sozialistische Partei;Partia Socjalistyczna;Partido Socialista;Partito Socialista;Szocialista P0rt;Socialistick0 Strana;Szocialista P0rt;Socialistische Partij;Partido Socialista;;Sosialistinenpuolue;
NDO;Ndongo;Ndongo;Ndongo;Ndongo;Ndongo;Ndongo;Ndongo;Ndongo;Ndongo;Ndongo;Ndongo;Ndongo;Ndongo;
NDO_ADJ;Ndongan;ndonguéenne;Ndonganisch;Ndongan;ndongano;Ndongan;Ndongan;Ndongan;Ndongan;Ndongan;Ndongan;Ndongan;Ndongan;
NDO_radical;Radical Party;Parti Radical;Radikale Partei;Partia Radykalna;Partido Radical;Partito Radicale;Radik0lis P0rt;Radik0ln0 Strana;Radik0lis P0rt;Radicale Partij;Partido Radical;;Radikaalipuolue;
NDO_communist;Communist Party;Parti Communiste;Kommunistische Partei;Partia Komunistyczna;Partido Comunista;Partito Comunista;Kommunista P0rt;Komunistick0 Strana;Kommunista P0rt;Communistische Partij;Partido Comunista;;Kommunistinenpuolue;
NDO_conservative;Conservative Party;Parti Conservateur;Konservative Partei;Partia Konserwatywna;Partido Conservador;Partito Conservatore;Konzervat0v P0rt;Konzervativn0 Strana;Konzervat0v P0rt;Conservatieve Partij;Partido Conservador;;Konservatiivipuolue;
NDO_fascist;Fascist Party;Parti Fasciste;Faschistische Partei;Partia Faszystowska;Partido Fascista;Partito Fascista;Fasiszta P0rt;Fa0istick0 Strana;Fasiszta P0rt;Fascistische Partij;Partido Fascista;;Fasistinenpuolue;
NDO_liberal;Liberal Party;Parti Lib0ral;Liberale Partei;Partia Liberalna;Partido Liberal;Partito Liberale;Liber0lis P0rt;Liber0ln0 Strana;Liber0lis P0rt;Liberale Partij;Partido Liberal;;Liberaalipuolue;
NDO_reactionary;National Party;Parti National;Nationale Partei;Partia Narodowa;Partido Nacional;Partito Nazionale;Nemzeti P0rt;N0rodn0 Strana;Nemzeti P0rt;Nationale Partij;Partido Nacional;;Kansallispuolue;
NDO_socialist;Socialist Party;Parti Socialiste;Sozialistische Partei;Partia Socjalistyczna;Partido Socialista;Partito Socialista;Szocialista P0rt;Socialistick0 Strana;Szocialista P0rt;Socialistische Partij;Partido Socialista;;Sosialistinenpuolue;
NGA;Nagaur;Nâgaur;Nagaur;Nagaur;Nagaur;Nagaur;Nagaur;Nagaur;Nagaur;Nagaur;Nagaur;Nagaur;Nagaur;
NGA_ADJ;Nagauri;nâgauri;Nagaurisch;Nagauri;nagauri;Nagauri;Nagauri;Nagauri;Nagauri;Nagauri;Nagauri;Nagauri;Nagauri;
NGA_radical;Radical Party;Parti Radical;Radikale Partei;Partia Radykalna;Partido Radical;Partito Radicale;Radik0lis P0rt;Radik0ln0 Strana;Radik0lis P0rt;Radicale Partij;Partido Radical;;Radikaalipuolue;
NGA_communist;Communist Party;Parti Communiste;Kommunistische Partei;Partia Komunistyczna;Partido Comunista;Partito Comunista;Kommunista P0rt;Komunistick0 Strana;Kommunista P0rt;Communistische Partij;Partido Comunista;;Kommunistinenpuolue;
NGA_conservative;Conservative Party;Parti Conservateur;Konservative Partei;Partia Konserwatywna;Partido Conservador;Partito Conservatore;Konzervat0v P0rt;Konzervativn0 Strana;Konzervat0v P0rt;Conservatieve Partij;Partido Conservador;;Konservatiivipuolue;
NGA_fascist;Fascist Party;Parti Fasciste;Faschistische Partei;Partia Faszystowska;Partido Fascista;Partito Fascista;Fasiszta P0rt;Fa0istick0 Strana;Fasiszta P0rt;Fascistische Partij;Partido Fascista;;Fasistinenpuolue;
NGA_liberal;Liberal Party;Parti Lib0ral;Liberale Partei;Partia Liberalna;Partido Liberal;Partito Liberale;Liber0lis P0rt;Liber0ln0 Strana;Liber0lis P0rt;Liberale Partij;Partido Liberal;;Liberaalipuolue;
NGA_reactionary;National Party;Parti National;Nationale Partei;Partia Narodowa;Partido Nacional;Partito Nazionale;Nemzeti P0rt;N0rodn0 Strana;Nemzeti P0rt;Nationale Partij;Partido Nacional;;Kansallispuolue;
NGA_socialist;Socialist Party;Parti Socialiste;Sozialistische Partei;Partia Socjalistyczna;Partido Socialista;Partito Socialista;Szocialista P0rt;Socialistick0 Strana;Szocialista P0rt;Socialistische Partij;Partido Socialista;;Sosialistinenpuolue;
NGP;Jharkhand;Jhârkhand;Jharkhand;Jharkhand;Jharkhand;Jharkhand;Jharkhand;Jharkhand;Jharkhand;Jharkhand;Jharkhand;Jharkhand;Jharkhand;
NGP_ADJ;Jharkhandi;jhârkhandi;Jharkhandisch;Jharkhandi;jharkhandi;Jharkhandi;Jharkhandi;Jharkhandi;Jharkhandi;Jharkhandi;Jharkhandi;Jharkhandi;Jharkhandi;
NGP_radical;Radical Party;Parti Radical;Radikale Partei;Partia Radykalna;Partido Radical;Partito Radicale;Radik0lis P0rt;Radik0ln0 Strana;Radik0lis P0rt;Radicale Partij;Partido Radical;;Radikaalipuolue;
NGP_communist;Communist Party;Parti Communiste;Kommunistische Partei;Partia Komunistyczna;Partido Comunista;Partito Comunista;Kommunista P0rt;Komunistick0 Strana;Kommunista P0rt;Communistische Partij;Partido Comunista;;Kommunistinenpuolue;
NGP_conservative;Conservative Party;Parti Conservateur;Konservative Partei;Partia Konserwatywna;Partido Conservador;Partito Conservatore;Konzervat0v P0rt;Konzervativn0 Strana;Konzervat0v P0rt;Conservatieve Partij;Partido Conservador;;Konservatiivipuolue;
NGP_fascist;Fascist Party;Parti Fasciste;Faschistische Partei;Partia Faszystowska;Partido Fascista;Partito Fascista;Fasiszta P0rt;Fa0istick0 Strana;Fasiszta P0rt;Fascistische Partij;Partido Fascista;;Fasistinenpuolue;
NGP_liberal;Liberal Party;Parti Lib0ral;Liberale Partei;Partia Liberalna;Partido Liberal;Partito Liberale;Liber0lis P0rt;Liber0ln0 Strana;Liber0lis P0rt;Liberale Partij;Partido Liberal;;Liberaalipuolue;
NGP_reactionary;National Party;Parti National;Nationale Partei;Partia Narodowa;Partido Nacional;Partito Nazionale;Nemzeti P0rt;N0rodn0 Strana;Nemzeti P0rt;Nationale Partij;Partido Nacional;;Kansallispuolue;
NGP_socialist;Socialist Party;Parti Socialiste;Sozialistische Partei;Partia Socjalistyczna;Partido Socialista;Partito Socialista;Szocialista P0rt;Socialistick0 Strana;Szocialista P0rt;Socialistische Partij;Partido Socialista;;Sosialistinenpuolue;
NJR;Najran;Najrân;Nadschran;Najran;Najran;Najran;Najran;Najran;Najran;Najran;Najran;Najran;Najran;
NJR_ADJ;Najrani;najrânie;Nadschranisch;Najrani;najraní;Najrani;Najrani;Najrani;Najrani;Najrani;Najrani;Najrani;Najrani;
NJR_radical;Radical Party;Parti Radical;Radikale Partei;Partia Radykalna;Partido Radical;Partito Radicale;Radik0lis P0rt;Radik0ln0 Strana;Radik0lis P0rt;Radicale Partij;Partido Radical;;Radikaalipuolue;
NJR_communist;Communist Party;Parti Communiste;Kommunistische Partei;Partia Komunistyczna;Partido Comunista;Partito Comunista;Kommunista P0rt;Komunistick0 Strana;Kommunista P0rt;Communistische Partij;Partido Comunista;;Kommunistinenpuolue;
NJR_conservative;Conservative Party;Parti Conservateur;Konservative Partei;Partia Konserwatywna;Partido Conservador;Partito Conservatore;Konzervat0v P0rt;Konzervativn0 Strana;Konzervat0v P0rt;Conservatieve Partij;Partido Conservador;;Konservatiivipuolue;
NJR_fascist;Fascist Party;Parti Fasciste;Faschistische Partei;Partia Faszystowska;Partido Fascista;Partito Fascista;Fasiszta P0rt;Fa0istick0 Strana;Fasiszta P0rt;Fascistische Partij;Partido Fascista;;Fasistinenpuolue;
NJR_liberal;Liberal Party;Parti Lib0ral;Liberale Partei;Partia Liberalna;Partido Liberal;Partito Liberale;Liber0lis P0rt;Liber0ln0 Strana;Liber0lis P0rt;Liberale Partij;Partido Liberal;;Liberaalipuolue;
NJR_reactionary;National Party;Parti National;Nationale Partei;Partia Narodowa;Partido Nacional;Partito Nazionale;Nemzeti P0rt;N0rodn0 Strana;Nemzeti P0rt;Nationale Partij;Partido Nacional;;Kansallispuolue;
NJR_socialist;Socialist Party;Parti Socialiste;Sozialistische Partei;Partia Socjalistyczna;Partido Socialista;Partito Socialista;Szocialista P0rt;Socialistick0 Strana;Szocialista P0rt;Socialistische Partij;Partido Socialista;;Sosialistinenpuolue;
NNG;Ning;Ning;Ning;Ning;Ning;Ning;Ning;Ning;Ning;Ning;Ning;Ning;Ning;
NNG_ADJ;Ning;Ning;Ningisch;Ning;ning;Ning;Ning;Ning;Ning;Ning;Ning;Ning;Ning;
NNG_radical;Radical Party;Parti Radical;Radikale Partei;Partia Radykalna;Partido Radical;Partito Radicale;Radik0lis P0rt;Radik0ln0 Strana;Radik0lis P0rt;Radicale Partij;Partido Radical;;Radikaalipuolue;
NNG_communist;Communist Party;Parti Communiste;Kommunistische Partei;Partia Komunistyczna;Partido Comunista;Partito Comunista;Kommunista P0rt;Komunistick0 Strana;Kommunista P0rt;Communistische Partij;Partido Comunista;;Kommunistinenpuolue;
NNG_conservative;Conservative Party;Parti Conservateur;Konservative Partei;Partia Konserwatywna;Partido Conservador;Partito Conservatore;Konzervat0v P0rt;Konzervativn0 Strana;Konzervat0v P0rt;Conservatieve Partij;Partido Conservador;;Konservatiivipuolue;
NNG_fascist;Fascist Party;Parti Fasciste;Faschistische Partei;Partia Faszystowska;Partido Fascista;Partito Fascista;Fasiszta P0rt;Fa0istick0 Strana;Fasiszta P0rt;Fascistische Partij;Partido Fascista;;Fasistinenpuolue;
NNG_liberal;Liberal Party;Parti Lib0ral;Liberale Partei;Partia Liberalna;Partido Liberal;Partito Liberale;Liber0lis P0rt;Liber0ln0 Strana;Liber0lis P0rt;Liberale Partij;Partido Liberal;;Liberaalipuolue;
NNG_reactionary;National Party;Parti National;Nationale Partei;Partia Narodowa;Partido Nacional;Partito Nazionale;Nemzeti P0rt;N0rodn0 Strana;Nemzeti P0rt;Nationale Partij;Partido Nacional;;Kansallispuolue;
NNG_socialist;Socialist Party;Parti Socialiste;Sozialistische Partei;Partia Socjalistyczna;Partido Socialista;Partito Socialista;Szocialista P0rt;Socialistick0 Strana;Szocialista P0rt;Socialistische Partij;Partido Socialista;;Sosialistinenpuolue;
NUP;Nupe;Nupe;Nupe;Nupe;Nupe;Nupe;Nupe;Nupe;Nupe;Nupe;Nupe;Nupe;Nupe;
NUP_ADJ;Nupe;nupe;Nupesch;Nupe;nupe;Nupe;Nupe;Nupe;Nupe;Nupe;Nupe;Nupe;Nupe;
NUP_radical;Radical Party;Parti Radical;Radikale Partei;Partia Radykalna;Partido Radical;Partito Radicale;Radik0lis P0rt;Radik0ln0 Strana;Radik0lis P0rt;Radicale Partij;Partido Radical;;Radikaalipuolue;
NUP_communist;Communist Party;Parti Communiste;Kommunistische Partei;Partia Komunistyczna;Partido Comunista;Partito Comunista;Kommunista P0rt;Komunistick0 Strana;Kommunista P0rt;Communistische Partij;Partido Comunista;;Kommunistinenpuolue;
NUP_conservative;Conservative Party;Parti Conservateur;Konservative Partei;Partia Konserwatywna;Partido Conservador;Partito Conservatore;Konzervat0v P0rt;Konzervativn0 Strana;Konzervat0v P0rt;Conservatieve Partij;Partido Conservador;;Konservatiivipuolue;
NUP_fascist;Fascist Party;Parti Fasciste;Faschistische Partei;Partia Faszystowska;Partido Fascista;Partito Fascista;Fasiszta P0rt;Fa0istick0 Strana;Fasiszta P0rt;Fascistische Partij;Partido Fascista;;Fasistinenpuolue;
NUP_liberal;Liberal Party;Parti Lib0ral;Liberale Partei;Partia Liberalna;Partido Liberal;Partito Liberale;Liber0lis P0rt;Liber0ln0 Strana;Liber0lis P0rt;Liberale Partij;Partido Liberal;;Liberaalipuolue;
NUP_reactionary;National Party;Parti National;Nationale Partei;Partia Narodowa;Partido Nacional;Partito Nazionale;Nemzeti P0rt;N0rodn0 Strana;Nemzeti P0rt;Nationale Partij;Partido Nacional;;Kansallispuolue;
NUP_socialist;Socialist Party;Parti Socialiste;Sozialistische Partei;Partia Socjalistyczna;Partido Socialista;Partito Socialista;Szocialista P0rt;Socialistick0 Strana;Szocialista P0rt;Socialistische Partij;Partido Socialista;;Sosialistinenpuolue;
NVR;Navanagar;Nawânagar;Nawanagar;Navanagar;Navanagar;Navanagar;Navanagar;Navanagar;Navanagar;Navanagar;Navanagar;Navanagar;Navanagar;
NVR_ADJ;Navanagari;nawânagari;Nawanagarisch;Navanagari;navanagarí;Navanagari;Navanagari;Navanagari;Navanagari;Navanagari;Navanagari;Navanagari;Navanagari;
NVR_radical;Radical Party;Parti Radical;Radikale Partei;Partia Radykalna;Partido Radical;Partito Radicale;Radik0lis P0rt;Radik0ln0 Strana;Radik0lis P0rt;Radicale Partij;Partido Radical;;Radikaalipuolue;
NVR_communist;Communist Party;Parti Communiste;Kommunistische Partei;Partia Komunistyczna;Partido Comunista;Partito Comunista;Kommunista P0rt;Komunistick0 Strana;Kommunista P0rt;Communistische Partij;Partido Comunista;;Kommunistinenpuolue;
NVR_conservative;Conservative Party;Parti Conservateur;Konservative Partei;Partia Konserwatywna;Partido Conservador;Partito Conservatore;Konzervat0v P0rt;Konzervativn0 Strana;Konzervat0v P0rt;Conservatieve Partij;Partido Conservador;;Konservatiivipuolue;
NVR_fascist;Fascist Party;Parti Fasciste;Faschistische Partei;Partia Faszystowska;Partido Fascista;Partito Fascista;Fasiszta P0rt;Fa0istick0 Strana;Fasiszta P0rt;Fascistische Partij;Partido Fascista;;Fasistinenpuolue;
NVR_liberal;Liberal Party;Parti Lib0ral;Liberale Partei;Partia Liberalna;Partido Liberal;Partito Liberale;Liber0lis P0rt;Liber0ln0 Strana;Liber0lis P0rt;Liberale Partij;Partido Liberal;;Liberaalipuolue;
NVR_reactionary;National Party;Parti National;Nationale Partei;Partia Narodowa;Partido Nacional;Partito Nazionale;Nemzeti P0rt;N0rodn0 Strana;Nemzeti P0rt;Nationale Partij;Partido Nacional;;Kansallispuolue;
NVR_socialist;Socialist Party;Parti Socialiste;Sozialistische Partei;Partia Socjalistyczna;Partido Socialista;Partito Socialista;Szocialista P0rt;Socialistick0 Strana;Szocialista P0rt;Socialistische Partij;Partido Socialista;;Sosialistinenpuolue;
OJI_radical;Radical Party;Parti Radical;Radikale Partei;Partia Radykalna;Partido Radical;Partito Radicale;Radik0lis P0rt;Radik0ln0 Strana;Radik0lis P0rt;Radicale Partij;Partido Radical;;Radikaalipuolue;
OJI_communist;Communist Party;Parti Communiste;Kommunistische Partei;Partia Komunistyczna;Partido Comunista;Partito Comunista;Kommunista P0rt;Komunistick0 Strana;Kommunista P0rt;Communistische Partij;Partido Comunista;;Kommunistinenpuolue;
OJI_conservative;Conservative Party;Parti Conservateur;Konservative Partei;Partia Konserwatywna;Partido Conservador;Partito Conservatore;Konzervat0v P0rt;Konzervativn0 Strana;Konzervat0v P0rt;Conservatieve Partij;Partido Conservador;;Konservatiivipuolue;
OJI_fascist;Fascist Party;Parti Fasciste;Faschistische Partei;Partia Faszystowska;Partido Fascista;Partito Fascista;Fasiszta P0rt;Fa0istick0 Strana;Fasiszta P0rt;Fascistische Partij;Partido Fascista;;Fasistinenpuolue;
OJI_liberal;Liberal Party;Parti Lib0ral;Liberale Partei;Partia Liberalna;Partido Liberal;Partito Liberale;Liber0lis P0rt;Liber0ln0 Strana;Liber0lis P0rt;Liberale Partij;Partido Liberal;;Liberaalipuolue;
OJI_reactionary;National Party;Parti National;Nationale Partei;Partia Narodowa;Partido Nacional;Partito Nazionale;Nemzeti P0rt;N0rodn0 Strana;Nemzeti P0rt;Nationale Partij;Partido Nacional;;Kansallispuolue;
OJI_socialist;Socialist Party;Parti Socialiste;Sozialistische Partei;Partia Socjalistyczna;Partido Socialista;Partito Socialista;Szocialista P0rt;Socialistick0 Strana;Szocialista P0rt;Socialistische Partij;Partido Socialista;;Sosialistinenpuolue;
ORD;Ormond;Ormonde;Ormond;Ormond;Ormond;Ormond;Ormond;Ormond;Ormond;Ormond;Ormond;Ormond;Ormond;
ORD_ADJ;Ormond;ormondaise;Ormondisch;Ormond;ormondés;Ormond;Ormond;Ormond;Ormond;Ormond;Ormond;Ormond;Ormond;
ORD_radical;Radical Party;Parti Radical;Radikale Partei;Partia Radykalna;Partido Radical;Partito Radicale;Radik0lis P0rt;Radik0ln0 Strana;Radik0lis P0rt;Radicale Partij;Partido Radical;;Radikaalipuolue;
ORD_communist;Communist Party;Parti Communiste;Kommunistische Partei;Partia Komunistyczna;Partido Comunista;Partito Comunista;Kommunista P0rt;Komunistick0 Strana;Kommunista P0rt;Communistische Partij;Partido Comunista;;Kommunistinenpuolue;
ORD_conservative;Conservative Party;Parti Conservateur;Konservative Partei;Partia Konserwatywna;Partido Conservador;Partito Conservatore;Konzervat0v P0rt;Konzervativn0 Strana;Konzervat0v P0rt;Conservatieve Partij;Partido Conservador;;Konservatiivipuolue;
ORD_fascist;Fascist Party;Parti Fasciste;Faschistische Partei;Partia Faszystowska;Partido Fascista;Partito Fascista;Fasiszta P0rt;Fa0istick0 Strana;Fasiszta P0rt;Fascistische Partij;Partido Fascista;;Fasistinenpuolue;
ORD_liberal;Liberal Party;Parti Lib0ral;Liberale Partei;Partia Liberalna;Partido Liberal;Partito Liberale;Liber0lis P0rt;Liber0ln0 Strana;Liber0lis P0rt;Liberale Partij;Partido Liberal;;Liberaalipuolue;
ORD_reactionary;National Party;Parti National;Nationale Partei;Partia Narodowa;Partido Nacional;Partito Nazionale;Nemzeti P0rt;N0rodn0 Strana;Nemzeti P0rt;Nationale Partij;Partido Nacional;;Kansallispuolue;
ORD_socialist;Socialist Party;Parti Socialiste;Sozialistische Partei;Partia Socjalistyczna;Partido Socialista;Partito Socialista;Szocialista P0rt;Socialistick0 Strana;Szocialista P0rt;Socialistische Partij;Partido Socialista;;Sosialistinenpuolue;
ORM;Hormuz;Ormuz;Hormus;Ormuz;Ormuz;Ormuz;Ormuz;Ormuz;Ormuz;Ormuz;Ormuz;Ormuz;Ormuz;
ORM_ADJ;Hormuzi;ormuzienne;Hormusisch;Hormuzi;ormusí;Hormuzi;Hormuzi;Hormuzi;Hormuzi;Hormuzi;Hormuzi;Hormuzi;Hormuzi;
ORM_radical;Radical Party;Parti Radical;Radikale Partei;Partia Radykalna;Partido Radical;Partito Radicale;Radik0lis P0rt;Radik0ln0 Strana;Radik0lis P0rt;Radicale Partij;Partido Radical;;Radikaalipuolue;
ORM_communist;Communist Party;Parti Communiste;Kommunistische Partei;Partia Komunistyczna;Partido Comunista;Partito Comunista;Kommunista P0rt;Komunistick0 Strana;Kommunista P0rt;Communistische Partij;Partido Comunista;;Kommunistinenpuolue;
ORM_conservative;Conservative Party;Parti Conservateur;Konservative Partei;Partia Konserwatywna;Partido Conservador;Partito Conservatore;Konzervat0v P0rt;Konzervativn0 Strana;Konzervat0v P0rt;Conservatieve Partij;Partido Conservador;;Konservatiivipuolue;
ORM_fascist;Fascist Party;Parti Fasciste;Faschistische Partei;Partia Faszystowska;Partido Fascista;Partito Fascista;Fasiszta P0rt;Fa0istick0 Strana;Fasiszta P0rt;Fascistische Partij;Partido Fascista;;Fasistinenpuolue;
ORM_liberal;Liberal Party;Parti Lib0ral;Liberale Partei;Partia Liberalna;Partido Liberal;Partito Liberale;Liber0lis P0rt;Liber0ln0 Strana;Liber0lis P0rt;Liberale Partij;Partido Liberal;;Liberaalipuolue;
ORM_reactionary;National Party;Parti National;Nationale Partei;Partia Narodowa;Partido Nacional;Partito Nazionale;Nemzeti P0rt;N0rodn0 Strana;Nemzeti P0rt;Nationale Partij;Partido Nacional;;Kansallispuolue;
ORM_socialist;Socialist Party;Parti Socialiste;Sozialistische Partei;Partia Socjalistyczna;Partido Socialista;Partito Socialista;Szocialista P0rt;Socialistick0 Strana;Szocialista P0rt;Socialistische Partij;Partido Socialista;;Sosialistinenpuolue;
OSA_radical;Radical Party;Parti Radical;Radikale Partei;Partia Radykalna;Partido Radical;Partito Radicale;Radik0lis P0rt;Radik0ln0 Strana;Radik0lis P0rt;Radicale Partij;Partido Radical;;Radikaalipuolue;
OSA_communist;Communist Party;Parti Communiste;Kommunistische Partei;Partia Komunistyczna;Partido Comunista;Partito Comunista;Kommunista P0rt;Komunistick0 Strana;Kommunista P0rt;Communistische Partij;Partido Comunista;;Kommunistinenpuolue;
OSA_conservative;Conservative Party;Parti Conservateur;Konservative Partei;Partia Konserwatywna;Partido Conservador;Partito Conservatore;Konzervat0v P0rt;Konzervativn0 Strana;Konzervat0v P0rt;Conservatieve Partij;Partido Conservador;;Konservatiivipuolue;
OSA_fascist;Fascist Party;Parti Fasciste;Faschistische Partei;Partia Faszystowska;Partido Fascista;Partito Fascista;Fasiszta P0rt;Fa0istick0 Strana;Fasiszta P0rt;Fascistische Partij;Partido Fascista;;Fasistinenpuolue;
OSA_liberal;Liberal Party;Parti Lib0ral;Liberale Partei;Partia Liberalna;Partido Liberal;Partito Liberale;Liber0lis P0rt;Liber0ln0 Strana;Liber0lis P0rt;Liberale Partij;Partido Liberal;;Liberaalipuolue;
OSA_reactionary;National Party;Parti National;Nationale Partei;Partia Narodowa;Partido Nacional;Partito Nazionale;Nemzeti P0rt;N0rodn0 Strana;Nemzeti P0rt;Nationale Partij;Partido Nacional;;Kansallispuolue;
OSA_socialist;Socialist Party;Parti Socialiste;Sozialistische Partei;Partia Socjalistyczna;Partido Socialista;Partito Socialista;Szocialista P0rt;Socialistick0 Strana;Szocialista P0rt;Socialistische Partij;Partido Socialista;;Sosialistinenpuolue;
OTO;Otomi;Otomis;Otomi;Otomi;Otomi;Otomi;Otomi;Otomi;Otomi;Otomi;Otomi;Otomi;Otomi;
OTO_ADJ;Otomi;otomie;Otomisch;Otomi;otomi;Otomi;Otomi;Otomi;Otomi;Otomi;Otomi;Otomi;Otomi;
OTO_radical;Radical Party;Parti Radical;Radikale Partei;Partia Radykalna;Partido Radical;Partito Radicale;Radik0lis P0rt;Radik0ln0 Strana;Radik0lis P0rt;Radicale Partij;Partido Radical;;Radikaalipuolue;
OTO_communist;Communist Party;Parti Communiste;Kommunistische Partei;Partia Komunistyczna;Partido Comunista;Partito Comunista;Kommunista P0rt;Komunistick0 Strana;Kommunista P0rt;Communistische Partij;Partido Comunista;;Kommunistinenpuolue;
OTO_conservative;Conservative Party;Parti Conservateur;Konservative Partei;Partia Konserwatywna;Partido Conservador;Partito Conservatore;Konzervat0v P0rt;Konzervativn0 Strana;Konzervat0v P0rt;Conservatieve Partij;Partido Conservador;;Konservatiivipuolue;
OTO_fascist;Fascist Party;Parti Fasciste;Faschistische Partei;Partia Faszystowska;Partido Fascista;Partito Fascista;Fasiszta P0rt;Fa0istick0 Strana;Fasiszta P0rt;Fascistische Partij;Partido Fascista;;Fasistinenpuolue;
OTO_liberal;Liberal Party;Parti Lib0ral;Liberale Partei;Partia Liberalna;Partido Liberal;Partito Liberale;Liber0lis P0rt;Liber0ln0 Strana;Liber0lis P0rt;Liberale Partij;Partido Liberal;;Liberaalipuolue;
OTO_reactionary;National Party;Parti National;Nationale Partei;Partia Narodowa;Partido Nacional;Partito Nazionale;Nemzeti P0rt;N0rodn0 Strana;Nemzeti P0rt;Nationale Partij;Partido Nacional;;Kansallispuolue;
OTO_socialist;Socialist Party;Parti Socialiste;Sozialistische Partei;Partia Socjalistyczna;Partido Socialista;Partito Socialista;Szocialista P0rt;Socialistick0 Strana;Szocialista P0rt;Socialistische Partij;Partido Socialista;;Sosialistinenpuolue;
OTT_radical;Radical Party;Parti Radical;Radikale Partei;Partia Radykalna;Partido Radical;Partito Radicale;Radik0lis P0rt;Radik0ln0 Strana;Radik0lis P0rt;Radicale Partij;Partido Radical;;Radikaalipuolue;
OTT_communist;Communist Party;Parti Communiste;Kommunistische Partei;Partia Komunistyczna;Partido Comunista;Partito Comunista;Kommunista P0rt;Komunistick0 Strana;Kommunista P0rt;Communistische Partij;Partido Comunista;;Kommunistinenpuolue;
OTT_conservative;Conservative Party;Parti Conservateur;Konservative Partei;Partia Konserwatywna;Partido Conservador;Partito Conservatore;Konzervat0v P0rt;Konzervativn0 Strana;Konzervat0v P0rt;Conservatieve Partij;Partido Conservador;;Konservatiivipuolue;
OTT_fascist;Fascist Party;Parti Fasciste;Faschistische Partei;Partia Faszystowska;Partido Fascista;Partito Fascista;Fasiszta P0rt;Fa0istick0 Strana;Fasiszta P0rt;Fascistische Partij;Partido Fascista;;Fasistinenpuolue;
OTT_liberal;Liberal Party;Parti Lib0ral;Liberale Partei;Partia Liberalna;Partido Liberal;Partito Liberale;Liber0lis P0rt;Liber0ln0 Strana;Liber0lis P0rt;Liberale Partij;Partido Liberal;;Liberaalipuolue;
OTT_reactionary;National Party;Parti National;Nationale Partei;Partia Narodowa;Partido Nacional;Partito Nazionale;Nemzeti P0rt;N0rodn0 Strana;Nemzeti P0rt;Nationale Partij;Partido Nacional;;Kansallispuolue;
OTT_socialist;Socialist Party;Parti Socialiste;Sozialistische Partei;Partia Socjalistyczna;Partido Socialista;Partito Socialista;Szocialista P0rt;Socialistick0 Strana;Szocialista P0rt;Socialistische Partij;Partido Socialista;;Sosialistinenpuolue;
PCJ;Pacajes;Pacajes;Pacajes;Pacajes;Pacajes;Pacajes;Pacajes;Pacajes;Pacajes;Pacajes;Pacajes;Pacajes;Pacajes;
PCJ_ADJ;Pacajan;pacaja;Pacajanisch;Pacajan;pacaje;Pacajan;Pacajan;Pacajan;Pacajan;Pacajan;Pacajan;Pacajan;Pacajan;
PCJ_radical;Radical Party;Parti Radical;Radikale Partei;Partia Radykalna;Partido Radical;Partito Radicale;Radik0lis P0rt;Radik0ln0 Strana;Radik0lis P0rt;Radicale Partij;Partido Radical;;Radikaalipuolue;
PCJ_communist;Communist Party;Parti Communiste;Kommunistische Partei;Partia Komunistyczna;Partido Comunista;Partito Comunista;Kommunista P0rt;Komunistick0 Strana;Kommunista P0rt;Communistische Partij;Partido Comunista;;Kommunistinenpuolue;
PCJ_conservative;Conservative Party;Parti Conservateur;Konservative Partei;Partia Konserwatywna;Partido Conservador;Partito Conservatore;Konzervat0v P0rt;Konzervativn0 Strana;Konzervat0v P0rt;Conservatieve Partij;Partido Conservador;;Konservatiivipuolue;
PCJ_fascist;Fascist Party;Parti Fasciste;Faschistische Partei;Partia Faszystowska;Partido Fascista;Partito Fascista;Fasiszta P0rt;Fa0istick0 Strana;Fasiszta P0rt;Fascistische Partij;Partido Fascista;;Fasistinenpuolue;
PCJ_liberal;Liberal Party;Parti Lib0ral;Liberale Partei;Partia Liberalna;Partido Liberal;Partito Liberale;Liber0lis P0rt;Liber0ln0 Strana;Liber0lis P0rt;Liberale Partij;Partido Liberal;;Liberaalipuolue;
PCJ_reactionary;National Party;Parti National;Nationale Partei;Partia Narodowa;Partido Nacional;Partito Nazionale;Nemzeti P0rt;N0rodn0 Strana;Nemzeti P0rt;Nationale Partij;Partido Nacional;;Kansallispuolue;
PCJ_socialist;Socialist Party;Parti Socialiste;Sozialistische Partei;Partia Socjalistyczna;Partido Socialista;Partito Socialista;Szocialista P0rt;Socialistick0 Strana;Szocialista P0rt;Socialistische Partij;Partido Socialista;;Sosialistinenpuolue;
PEQ_radical;Radical Party;Parti Radical;Radikale Partei;Partia Radykalna;Partido Radical;Partito Radicale;Radik0lis P0rt;Radik0ln0 Strana;Radik0lis P0rt;Radicale Partij;Partido Radical;;Radikaalipuolue;
PEQ_communist;Communist Party;Parti Communiste;Kommunistische Partei;Partia Komunistyczna;Partido Comunista;Partito Comunista;Kommunista P0rt;Komunistick0 Strana;Kommunista P0rt;Communistische Partij;Partido Comunista;;Kommunistinenpuolue;
PEQ_conservative;Conservative Party;Parti Conservateur;Konservative Partei;Partia Konserwatywna;Partido Conservador;Partito Conservatore;Konzervat0v P0rt;Konzervativn0 Strana;Konzervat0v P0rt;Conservatieve Partij;Partido Conservador;;Konservatiivipuolue;
PEQ_fascist;Fascist Party;Parti Fasciste;Faschistische Partei;Partia Faszystowska;Partido Fascista;Partito Fascista;Fasiszta P0rt;Fa0istick0 Strana;Fasiszta P0rt;Fascistische Partij;Partido Fascista;;Fasistinenpuolue;
PEQ_liberal;Liberal Party;Parti Lib0ral;Liberale Partei;Partia Liberalna;Partido Liberal;Partito Liberale;Liber0lis P0rt;Liber0ln0 Strana;Liber0lis P0rt;Liberale Partij;Partido Liberal;;Liberaalipuolue;
PEQ_reactionary;National Party;Parti National;Nationale Partei;Partia Narodowa;Partido Nacional;Partito Nazionale;Nemzeti P0rt;N0rodn0 Strana;Nemzeti P0rt;Nationale Partij;Partido Nacional;;Kansallispuolue;
PEQ_socialist;Socialist Party;Parti Socialiste;Sozialistische Partei;Partia Socjalistyczna;Partido Socialista;Partito Socialista;Szocialista P0rt;Socialistick0 Strana;Szocialista P0rt;Socialistische Partij;Partido Socialista;;Sosialistinenpuolue;
PGR;Pagarruyung;Pagaruyung;Pagarruyung;Pagarruyung;Pagarruyung;Pagarruyung;Pagarruyung;Pagarruyung;Pagarruyung;Pagarruyung;Pagarruyung;Pagarruyung;Pagarruyung;
PGR_ADJ;Pagarruyungan;pagaruyung;Pagarruyungisch;Pagarruyungan;pagarruyung;Pagarruyungan;Pagarruyungan;Pagarruyungan;Pagarruyungan;Pagarruyungan;Pagarruyungan;Pagarruyungan;Pagarruyungan;
PGR_radical;Radical Party;Parti Radical;Radikale Partei;Partia Radykalna;Partido Radical;Partito Radicale;Radik0lis P0rt;Radik0ln0 Strana;Radik0lis P0rt;Radicale Partij;Partido Radical;;Radikaalipuolue;
PGR_communist;Communist Party;Parti Communiste;Kommunistische Partei;Partia Komunistyczna;Partido Comunista;Partito Comunista;Kommunista P0rt;Komunistick0 Strana;Kommunista P0rt;Communistische Partij;Partido Comunista;;Kommunistinenpuolue;
PGR_conservative;Conservative Party;Parti Conservateur;Konservative Partei;Partia Konserwatywna;Partido Conservador;Partito Conservatore;Konzervat0v P0rt;Konzervativn0 Strana;Konzervat0v P0rt;Conservatieve Partij;Partido Conservador;;Konservatiivipuolue;
PGR_fascist;Fascist Party;Parti Fasciste;Faschistische Partei;Partia Faszystowska;Partido Fascista;Partito Fascista;Fasiszta P0rt;Fa0istick0 Strana;Fasiszta P0rt;Fascistische Partij;Partido Fascista;;Fasistinenpuolue;
PGR_liberal;Liberal Party;Parti Lib0ral;Liberale Partei;Partia Liberalna;Partido Liberal;Partito Liberale;Liber0lis P0rt;Liber0ln0 Strana;Liber0lis P0rt;Liberale Partij;Partido Liberal;;Liberaalipuolue;
PGR_reactionary;National Party;Parti National;Nationale Partei;Partia Narodowa;Partido Nacional;Partito Nazionale;Nemzeti P0rt;N0rodn0 Strana;Nemzeti P0rt;Nationale Partij;Partido Nacional;;Kansallispuolue;
PGR_socialist;Socialist Party;Parti Socialiste;Sozialistische Partei;Partia Socjalistyczna;Partido Socialista;Partito Socialista;Szocialista P0rt;Socialistick0 Strana;Szocialista P0rt;Socialistische Partij;Partido Socialista;;Sosialistinenpuolue;
PGS;Pangasinan;Pangasinan;Pangasinan;Pangasinan;Pangasinán;Pangasinan;Pangasinan;Pangasinan;Pangasinan;Pangasinan;Pangasinan;Pangasinan;Pangasinan;
PGS_ADJ;Pangasinan;pangasinane;Pangasinanisch;Pangasinan;pangasinense;Pangasinan;Pangasinan;Pangasinan;Pangasinan;Pangasinan;Pangasinan;Pangasinan;Pangasinan;
PGS_radical;Radical Party;Parti Radical;Radikale Partei;Partia Radykalna;Partido Radical;Partito Radicale;Radik0lis P0rt;Radik0ln0 Strana;Radik0lis P0rt;Radicale Partij;Partido Radical;;Radikaalipuolue;
PGS_communist;Communist Party;Parti Communiste;Kommunistische Partei;Partia Komunistyczna;Partido Comunista;Partito Comunista;Kommunista P0rt;Komunistick0 Strana;Kommunista P0rt;Communistische Partij;Partido Comunista;;Kommunistinenpuolue;
PGS_conservative;Conservative Party;Parti Conservateur;Konservative Partei;Partia Konserwatywna;Partido Conservador;Partito Conservatore;Konzervat0v P0rt;Konzervativn0 Strana;Konzervat0v P0rt;Conservatieve Partij;Partido Conservador;;Konservatiivipuolue;
PGS_fascist;Fascist Party;Parti Fasciste;Faschistische Partei;Partia Faszystowska;Partido Fascista;Partito Fascista;Fasiszta P0rt;Fa0istick0 Strana;Fasiszta P0rt;Fascistische Partij;Partido Fascista;;Fasistinenpuolue;
PGS_liberal;Liberal Party;Parti Lib0ral;Liberale Partei;Partia Liberalna;Partido Liberal;Partito Liberale;Liber0lis P0rt;Liber0ln0 Strana;Liber0lis P0rt;Liberale Partij;Partido Liberal;;Liberaalipuolue;
PGS_reactionary;National Party;Parti National;Nationale Partei;Partia Narodowa;Partido Nacional;Partito Nazionale;Nemzeti P0rt;N0rodn0 Strana;Nemzeti P0rt;Nationale Partij;Partido Nacional;;Kansallispuolue;
PGS_socialist;Socialist Party;Parti Socialiste;Sozialistische Partei;Partia Socjalistyczna;Partido Socialista;Partito Socialista;Szocialista P0rt;Socialistick0 Strana;Szocialista P0rt;Socialistische Partij;Partido Socialista;;Sosialistinenpuolue;
PHA_radical;Radical Party;Parti Radical;Radikale Partei;Partia Radykalna;Partido Radical;Partito Radicale;Radik0lis P0rt;Radik0ln0 Strana;Radik0lis P0rt;Radicale Partij;Partido Radical;;Radikaalipuolue;
PHA_communist;Communist Party;Parti Communiste;Kommunistische Partei;Partia Komunistyczna;Partido Comunista;Partito Comunista;Kommunista P0rt;Komunistick0 Strana;Kommunista P0rt;Communistische Partij;Partido Comunista;;Kommunistinenpuolue;
PHA_conservative;Conservative Party;Parti Conservateur;Konservative Partei;Partia Konserwatywna;Partido Conservador;Partito Conservatore;Konzervat0v P0rt;Konzervativn0 Strana;Konzervat0v P0rt;Conservatieve Partij;Partido Conservador;;Konservatiivipuolue;
PHA_fascist;Fascist Party;Parti Fasciste;Faschistische Partei;Partia Faszystowska;Partido Fascista;Partito Fascista;Fasiszta P0rt;Fa0istick0 Strana;Fasiszta P0rt;Fascistische Partij;Partido Fascista;;Fasistinenpuolue;
PHA_liberal;Liberal Party;Parti Lib0ral;Liberale Partei;Partia Liberalna;Partido Liberal;Partito Liberale;Liber0lis P0rt;Liber0ln0 Strana;Liber0lis P0rt;Liberale Partij;Partido Liberal;;Liberaalipuolue;
PHA_reactionary;National Party;Parti National;Nationale Partei;Partia Narodowa;Partido Nacional;Partito Nazionale;Nemzeti P0rt;N0rodn0 Strana;Nemzeti P0rt;Nationale Partij;Partido Nacional;;Kansallispuolue;
PHA_socialist;Socialist Party;Parti Socialiste;Sozialistische Partei;Partia Socjalistyczna;Partido Socialista;Partito Socialista;Szocialista P0rt;Socialistick0 Strana;Szocialista P0rt;Socialistische Partij;Partido Socialista;;Sosialistinenpuolue;
PIC_radical;Radical Party;Parti Radical;Radikale Partei;Partia Radykalna;Partido Radical;Partito Radicale;Radik0lis P0rt;Radik0ln0 Strana;Radik0lis P0rt;Radicale Partij;Partido Radical;;Radikaalipuolue;
PIM_radical;Radical Party;Parti Radical;Radikale Partei;Partia Radykalna;Partido Radical;Partito Radicale;Radik0lis P0rt;Radik0ln0 Strana;Radik0lis P0rt;Radicale Partij;Partido Radical;;Radikaalipuolue;
PIM_communist;Communist Party;Parti Communiste;Kommunistische Partei;Partia Komunistyczna;Partido Comunista;Partito Comunista;Kommunista P0rt;Komunistick0 Strana;Kommunista P0rt;Communistische Partij;Partido Comunista;;Kommunistinenpuolue;
PIM_conservative;Conservative Party;Parti Conservateur;Konservative Partei;Partia Konserwatywna;Partido Conservador;Partito Conservatore;Konzervat0v P0rt;Konzervativn0 Strana;Konzervat0v P0rt;Conservatieve Partij;Partido Conservador;;Konservatiivipuolue;
PIM_fascist;Fascist Party;Parti Fasciste;Faschistische Partei;Partia Faszystowska;Partido Fascista;Partito Fascista;Fasiszta P0rt;Fa0istick0 Strana;Fasiszta P0rt;Fascistische Partij;Partido Fascista;;Fasistinenpuolue;
PIM_liberal;Liberal Party;Parti Lib0ral;Liberale Partei;Partia Liberalna;Partido Liberal;Partito Liberale;Liber0lis P0rt;Liber0ln0 Strana;Liber0lis P0rt;Liberale Partij;Partido Liberal;;Liberaalipuolue;
PIM_reactionary;National Party;Parti National;Nationale Partei;Partia Narodowa;Partido Nacional;Partito Nazionale;Nemzeti P0rt;N0rodn0 Strana;Nemzeti P0rt;Nationale Partij;Partido Nacional;;Kansallispuolue;
PIM_socialist;Socialist Party;Parti Socialiste;Sozialistische Partei;Partia Socjalistyczna;Partido Socialista;Partito Socialista;Szocialista P0rt;Socialistick0 Strana;Szocialista P0rt;Socialistische Partij;Partido Socialista;;Sosialistinenpuolue;
PLB;Palembang;Palembang;Palembang;Palembang;Palembang;Palembang;Palembang;Palembang;Palembang;Palembang;Palembang;Palembang;Palembang;
PLB_ADJ;Palembangan;palembanguienne;Palembangisch;Palembangan;palembangano;Palembangan;Palembangan;Palembangan;Palembangan;Palembangan;Palembangan;Palembangan;Palembangan;
PLB_radical;Radical Party;Parti Radical;Radikale Partei;Partia Radykalna;Partido Radical;Partito Radicale;Radik0lis P0rt;Radik0ln0 Strana;Radik0lis P0rt;Radicale Partij;Partido Radical;;Radikaalipuolue;
PLB_communist;Communist Party;Parti Communiste;Kommunistische Partei;Partia Komunistyczna;Partido Comunista;Partito Comunista;Kommunista P0rt;Komunistick0 Strana;Kommunista P0rt;Communistische Partij;Partido Comunista;;Kommunistinenpuolue;
PLB_conservative;Conservative Party;Parti Conservateur;Konservative Partei;Partia Konserwatywna;Partido Conservador;Partito Conservatore;Konzervat0v P0rt;Konzervativn0 Strana;Konzervat0v P0rt;Conservatieve Partij;Partido Conservador;;Konservatiivipuolue;
PLB_fascist;Fascist Party;Parti Fasciste;Faschistische Partei;Partia Faszystowska;Partido Fascista;Partito Fascista;Fasiszta P0rt;Fa0istick0 Strana;Fasiszta P0rt;Fascistische Partij;Partido Fascista;;Fasistinenpuolue;
PLB_liberal;Liberal Party;Parti Lib0ral;Liberale Partei;Partia Liberalna;Partido Liberal;Partito Liberale;Liber0lis P0rt;Liber0ln0 Strana;Liber0lis P0rt;Liberale Partij;Partido Liberal;;Liberaalipuolue;
PLB_reactionary;National Party;Parti National;Nationale Partei;Partia Narodowa;Partido Nacional;Partito Nazionale;Nemzeti P0rt;N0rodn0 Strana;Nemzeti P0rt;Nationale Partij;Partido Nacional;;Kansallispuolue;
PLB_socialist;Socialist Party;Parti Socialiste;Sozialistische Partei;Partia Socjalistyczna;Partido Socialista;Partito Socialista;Szocialista P0rt;Socialistick0 Strana;Szocialista P0rt;Socialistische Partij;Partido Socialista;;Sosialistinenpuolue;
PNN;Kalinjar;Kâlinjar;Kalinjar;Panna;Kalinjar;Panna;Panna;Panna;Panna;Panna;Panna;Panna;Panna;
PNN_ADJ;Kalinjari;kâlinjarî;Kalinjarisch;Kalinjari;kalinjarí;Kalinjari;Kalinjari;Kalinjari;Kalinjari;Kalinjari;Kalinjari;Kalinjari;Kalinjari;
PNN_radical;Radical Party;Parti Radical;Radikale Partei;Partia Radykalna;Partido Radical;Partito Radicale;Radik0lis P0rt;Radik0ln0 Strana;Radik0lis P0rt;Radicale Partij;Partido Radical;;Radikaalipuolue;
PNN_communist;Communist Party;Parti Communiste;Kommunistische Partei;Partia Komunistyczna;Partido Comunista;Partito Comunista;Kommunista P0rt;Komunistick0 Strana;Kommunista P0rt;Communistische Partij;Partido Comunista;;Kommunistinenpuolue;
PNN_conservative;Conservative Party;Parti Conservateur;Konservative Partei;Partia Konserwatywna;Partido Conservador;Partito Conservatore;Konzervat0v P0rt;Konzervativn0 Strana;Konzervat0v P0rt;Conservatieve Partij;Partido Conservador;;Konservatiivipuolue;
PNN_fascist;Fascist Party;Parti Fasciste;Faschistische Partei;Partia Faszystowska;Partido Fascista;Partito Fascista;Fasiszta P0rt;Fa0istick0 Strana;Fasiszta P0rt;Fascistische Partij;Partido Fascista;;Fasistinenpuolue;
PNN_liberal;Liberal Party;Parti Lib0ral;Liberale Partei;Partia Liberalna;Partido Liberal;Partito Liberale;Liber0lis P0rt;Liber0ln0 Strana;Liber0lis P0rt;Liberale Partij;Partido Liberal;;Liberaalipuolue;
PNN_reactionary;National Party;Parti National;Nationale Partei;Partia Narodowa;Partido Nacional;Partito Nazionale;Nemzeti P0rt;N0rodn0 Strana;Nemzeti P0rt;Nationale Partij;Partido Nacional;;Kansallispuolue;
PNN_socialist;Socialist Party;Parti Socialiste;Sozialistische Partei;Partia Socjalistyczna;Partido Socialista;Partito Socialista;Szocialista P0rt;Socialistick0 Strana;Szocialista P0rt;Socialistische Partij;Partido Socialista;;Sosialistinenpuolue;
POT_radical;Radical Party;Parti Radical;Radikale Partei;Partia Radykalna;Partido Radical;Partito Radicale;Radik0lis P0rt;Radik0ln0 Strana;Radik0lis P0rt;Radicale Partij;Partido Radical;;Radikaalipuolue;
POT_communist;Communist Party;Parti Communiste;Kommunistische Partei;Partia Komunistyczna;Partido Comunista;Partito Comunista;Kommunista P0rt;Komunistick0 Strana;Kommunista P0rt;Communistische Partij;Partido Comunista;;Kommunistinenpuolue;
POT_conservative;Conservative Party;Parti Conservateur;Konservative Partei;Partia Konserwatywna;Partido Conservador;Partito Conservatore;Konzervat0v P0rt;Konzervativn0 Strana;Konzervat0v P0rt;Conservatieve Partij;Partido Conservador;;Konservatiivipuolue;
POT_fascist;Fascist Party;Parti Fasciste;Faschistische Partei;Partia Faszystowska;Partido Fascista;Partito Fascista;Fasiszta P0rt;Fa0istick0 Strana;Fasiszta P0rt;Fascistische Partij;Partido Fascista;;Fasistinenpuolue;
POT_liberal;Liberal Party;Parti Lib0ral;Liberale Partei;Partia Liberalna;Partido Liberal;Partito Liberale;Liber0lis P0rt;Liber0ln0 Strana;Liber0lis P0rt;Liberale Partij;Partido Liberal;;Liberaalipuolue;
POT_reactionary;National Party;Parti National;Nationale Partei;Partia Narodowa;Partido Nacional;Partito Nazionale;Nemzeti P0rt;N0rodn0 Strana;Nemzeti P0rt;Nationale Partij;Partido Nacional;;Kansallispuolue;
POT_socialist;Socialist Party;Parti Socialiste;Sozialistische Partei;Partia Socjalistyczna;Partido Socialista;Partito Socialista;Szocialista P0rt;Socialistick0 Strana;Szocialista P0rt;Socialistische Partij;Partido Socialista;;Sosialistinenpuolue;
POW_radical;Radical Party;Parti Radical;Radikale Partei;Partia Radykalna;Partido Radical;Partito Radicale;Radik0lis P0rt;Radik0ln0 Strana;Radik0lis P0rt;Radicale Partij;Partido Radical;;Radikaalipuolue;
POW_communist;Communist Party;Parti Communiste;Kommunistische Partei;Partia Komunistyczna;Partido Comunista;Partito Comunista;Kommunista P0rt;Komunistick0 Strana;Kommunista P0rt;Communistische Partij;Partido Comunista;;Kommunistinenpuolue;
POW_conservative;Conservative Party;Parti Conservateur;Konservative Partei;Partia Konserwatywna;Partido Conservador;Partito Conservatore;Konzervat0v P0rt;Konzervativn0 Strana;Konzervat0v P0rt;Conservatieve Partij;Partido Conservador;;Konservatiivipuolue;
POW_fascist;Fascist Party;Parti Fasciste;Faschistische Partei;Partia Faszystowska;Partido Fascista;Partito Fascista;Fasiszta P0rt;Fa0istick0 Strana;Fasiszta P0rt;Fascistische Partij;Partido Fascista;;Fasistinenpuolue;
POW_liberal;Liberal Party;Parti Lib0ral;Liberale Partei;Partia Liberalna;Partido Liberal;Partito Liberale;Liber0lis P0rt;Liber0ln0 Strana;Liber0lis P0rt;Liberale Partij;Partido Liberal;;Liberaalipuolue;
POW_reactionary;National Party;Parti National;Nationale Partei;Partia Narodowa;Partido Nacional;Partito Nazionale;Nemzeti P0rt;N0rodn0 Strana;Nemzeti P0rt;Nationale Partij;Partido Nacional;;Kansallispuolue;
POW_socialist;Socialist Party;Parti Socialiste;Sozialistische Partei;Partia Socjalistyczna;Partido Socialista;Partito Socialista;Szocialista P0rt;Socialistick0 Strana;Szocialista P0rt;Socialistische Partij;Partido Socialista;;Sosialistinenpuolue;
PRB;Porbandar;Porbandar;Porbandar;Porbandar;Porbandar;Porbandar;Porbandar;Porbandar;Porbandar;Porbandar;Porbandar;Porbandar;Porbandar;
PRB_ADJ;Porbandari;porabandarî;Porbandarisch;Porbandari;porbandarí;Porbandari;Porbandari;Porbandari;Porbandari;Porbandari;Porbandari;Porbandari;Porbandari;
PRB_radical;Radical Party;Parti Radical;Radikale Partei;Partia Radykalna;Partido Radical;Partito Radicale;Radik0lis P0rt;Radik0ln0 Strana;Radik0lis P0rt;Radicale Partij;Partido Radical;;Radikaalipuolue;
PRB_communist;Communist Party;Parti Communiste;Kommunistische Partei;Partia Komunistyczna;Partido Comunista;Partito Comunista;Kommunista P0rt;Komunistick0 Strana;Kommunista P0rt;Communistische Partij;Partido Comunista;;Kommunistinenpuolue;
PRB_conservative;Conservative Party;Parti Conservateur;Konservative Partei;Partia Konserwatywna;Partido Conservador;Partito Conservatore;Konzervat0v P0rt;Konzervativn0 Strana;Konzervat0v P0rt;Conservatieve Partij;Partido Conservador;;Konservatiivipuolue;
PRB_fascist;Fascist Party;Parti Fasciste;Faschistische Partei;Partia Faszystowska;Partido Fascista;Partito Fascista;Fasiszta P0rt;Fa0istick0 Strana;Fasiszta P0rt;Fascistische Partij;Partido Fascista;;Fasistinenpuolue;
PRB_liberal;Liberal Party;Parti Lib0ral;Liberale Partei;Partia Liberalna;Partido Liberal;Partito Liberale;Liber0lis P0rt;Liber0ln0 Strana;Liber0lis P0rt;Liberale Partij;Partido Liberal;;Liberaalipuolue;
PRB_reactionary;National Party;Parti National;Nationale Partei;Partia Narodowa;Partido Nacional;Partito Nazionale;Nemzeti P0rt;N0rodn0 Strana;Nemzeti P0rt;Nationale Partij;Partido Nacional;;Kansallispuolue;
PRB_socialist;Socialist Party;Parti Socialiste;Sozialistische Partei;Partia Socjalistyczna;Partido Socialista;Partito Socialista;Szocialista P0rt;Socialistick0 Strana;Szocialista P0rt;Socialistische Partij;Partido Socialista;;Sosialistinenpuolue;
PRD;Parlakhimidi;Pâralâkhemundi;Paralakhemundi;Parlakhimidi;Parlakhimidi;Parlakhimidi;Parlakhimidi;Parlakhimidi;Parlakhimidi;Parlakhimidi;Parlakhimidi;Parlakhimidi;Parlakhimidi;
PRD_ADJ;Parlakhimidi;pâralâkhemundî;Paralakhemundisch;Parlakhimidi;parlakimidí;Parlakhimidi;Parlakhimidi;Parlakhimidi;Parlakhimidi;Parlakhimidi;Parlakhimidi;Parlakhimidi;Parlakhimidi;
PRD_radical;Radical Party;Parti Radical;Radikale Partei;Partia Radykalna;Partido Radical;Partito Radicale;Radik0lis P0rt;Radik0ln0 Strana;Radik0lis P0rt;Radicale Partij;Partido Radical;;Radikaalipuolue;
PRD_communist;Communist Party;Parti Communiste;Kommunistische Partei;Partia Komunistyczna;Partido Comunista;Partito Comunista;Kommunista P0rt;Komunistick0 Strana;Kommunista P0rt;Communistische Partij;Partido Comunista;;Kommunistinenpuolue;
PRD_conservative;Conservative Party;Parti Conservateur;Konservative Partei;Partia Konserwatywna;Partido Conservador;Partito Conservatore;Konzervat0v P0rt;Konzervativn0 Strana;Konzervat0v P0rt;Conservatieve Partij;Partido Conservador;;Konservatiivipuolue;
PRD_fascist;Fascist Party;Parti Fasciste;Faschistische Partei;Partia Faszystowska;Partido Fascista;Partito Fascista;Fasiszta P0rt;Fa0istick0 Strana;Fasiszta P0rt;Fascistische Partij;Partido Fascista;;Fasistinenpuolue;
PRD_liberal;Liberal Party;Parti Lib0ral;Liberale Partei;Partia Liberalna;Partido Liberal;Partito Liberale;Liber0lis P0rt;Liber0ln0 Strana;Liber0lis P0rt;Liberale Partij;Partido Liberal;;Liberaalipuolue;
PRD_reactionary;National Party;Parti National;Nationale Partei;Partia Narodowa;Partido Nacional;Partito Nazionale;Nemzeti P0rt;N0rodn0 Strana;Nemzeti P0rt;Nationale Partij;Partido Nacional;;Kansallispuolue;
PRD_socialist;Socialist Party;Parti Socialiste;Sozialistische Partei;Partia Socjalistyczna;Partido Socialista;Partito Socialista;Szocialista P0rt;Socialistick0 Strana;Szocialista P0rt;Socialistische Partij;Partido Socialista;;Sosialistinenpuolue;
PRM;Perm;Perm;Perm;Perm;Perm;Perm;Perm;Perm;Perm;Perm;Perm;Perm;Perm;
PRM_ADJ;Permian;permienne;Permisch;Permian;permiano;Permian;Permian;Permian;Permian;Permian;Permian;Permian;Permian;
PRM_radical;Radical Party;Parti Radical;Radikale Partei;Partia Radykalna;Partido Radical;Partito Radicale;Radik0lis P0rt;Radik0ln0 Strana;Radik0lis P0rt;Radicale Partij;Partido Radical;;Radikaalipuolue;
PRM_communist;Communist Party;Parti Communiste;Kommunistische Partei;Partia Komunistyczna;Partido Comunista;Partito Comunista;Kommunista P0rt;Komunistick0 Strana;Kommunista P0rt;Communistische Partij;Partido Comunista;;Kommunistinenpuolue;
PRM_conservative;Conservative Party;Parti Conservateur;Konservative Partei;Partia Konserwatywna;Partido Conservador;Partito Conservatore;Konzervat0v P0rt;Konzervativn0 Strana;Konzervat0v P0rt;Conservatieve Partij;Partido Conservador;;Konservatiivipuolue;
PRM_fascist;Fascist Party;Parti Fasciste;Faschistische Partei;Partia Faszystowska;Partido Fascista;Partito Fascista;Fasiszta P0rt;Fa0istick0 Strana;Fasiszta P0rt;Fascistische Partij;Partido Fascista;;Fasistinenpuolue;
PRM_liberal;Liberal Party;Parti Lib0ral;Liberale Partei;Partia Liberalna;Partido Liberal;Partito Liberale;Liber0lis P0rt;Liber0ln0 Strana;Liber0lis P0rt;Liberale Partij;Partido Liberal;;Liberaalipuolue;
PRM_reactionary;National Party;Parti National;Nationale Partei;Partia Narodowa;Partido Nacional;Partito Nazionale;Nemzeti P0rt;N0rodn0 Strana;Nemzeti P0rt;Nationale Partij;Partido Nacional;;Kansallispuolue;
PRM_socialist;Socialist Party;Parti Socialiste;Sozialistische Partei;Partia Socjalistyczna;Partido Socialista;Partito Socialista;Szocialista P0rt;Socialistick0 Strana;Szocialista P0rt;Socialistische Partij;Partido Socialista;;Sosialistinenpuolue;
PSA;Pasai;Pasai;Pasai;Pasai;Pasai;Pasai;Pasai;Pasai;Pasai;Pasai;Pasai;Pasai;Pasai;
PSA_ADJ;Pasai;pasaï;Pasaiisch;Pasai;pasai;Pasai;Pasai;Pasai;Pasai;Pasai;Pasai;Pasai;Pasai;
PSA_radical;Radical Party;Parti Radical;Radikale Partei;Partia Radykalna;Partido Radical;Partito Radicale;Radik0lis P0rt;Radik0ln0 Strana;Radik0lis P0rt;Radicale Partij;Partido Radical;;Radikaalipuolue;
PSA_communist;Communist Party;Parti Communiste;Kommunistische Partei;Partia Komunistyczna;Partido Comunista;Partito Comunista;Kommunista P0rt;Komunistick0 Strana;Kommunista P0rt;Communistische Partij;Partido Comunista;;Kommunistinenpuolue;
PSA_conservative;Conservative Party;Parti Conservateur;Konservative Partei;Partia Konserwatywna;Partido Conservador;Partito Conservatore;Konzervat0v P0rt;Konzervativn0 Strana;Konzervat0v P0rt;Conservatieve Partij;Partido Conservador;;Konservatiivipuolue;
PSA_fascist;Fascist Party;Parti Fasciste;Faschistische Partei;Partia Faszystowska;Partido Fascista;Partito Fascista;Fasiszta P0rt;Fa0istick0 Strana;Fasiszta P0rt;Fascistische Partij;Partido Fascista;;Fasistinenpuolue;
PSA_liberal;Liberal Party;Parti Lib0ral;Liberale Partei;Partia Liberalna;Partido Liberal;Partito Liberale;Liber0lis P0rt;Liber0ln0 Strana;Liber0lis P0rt;Liberale Partij;Partido Liberal;;Liberaalipuolue;
PSA_reactionary;National Party;Parti National;Nationale Partei;Partia Narodowa;Partido Nacional;Partito Nazionale;Nemzeti P0rt;N0rodn0 Strana;Nemzeti P0rt;Nationale Partij;Partido Nacional;;Kansallispuolue;
PSA_socialist;Socialist Party;Parti Socialiste;Sozialistische Partei;Partia Socjalistyczna;Partido Socialista;Partito Socialista;Szocialista P0rt;Socialistick0 Strana;Szocialista P0rt;Socialistische Partij;Partido Socialista;;Sosialistinenpuolue;
PTE;Pate;Paté;Pate;Pate;Pate;Pate;Pate;Pate;Pate;Pate;Pate;Pate;Pate;
PTE_ADJ;Pate;patéenne;Patisch;Pate;pateño;Pate;Pate;Pate;Pate;Pate;Pate;Pate;Pate;
PTE_radical;Radical Party;Parti Radical;Radikale Partei;Partia Radykalna;Partido Radical;Partito Radicale;Radik0lis P0rt;Radik0ln0 Strana;Radik0lis P0rt;Radicale Partij;Partido Radical;;Radikaalipuolue;
PTE_communist;Communist Party;Parti Communiste;Kommunistische Partei;Partia Komunistyczna;Partido Comunista;Partito Comunista;Kommunista P0rt;Komunistick0 Strana;Kommunista P0rt;Communistische Partij;Partido Comunista;;Kommunistinenpuolue;
PTE_conservative;Conservative Party;Parti Conservateur;Konservative Partei;Partia Konserwatywna;Partido Conservador;Partito Conservatore;Konzervat0v P0rt;Konzervativn0 Strana;Konzervat0v P0rt;Conservatieve Partij;Partido Conservador;;Konservatiivipuolue;
PTE_fascist;Fascist Party;Parti Fasciste;Faschistische Partei;Partia Faszystowska;Partido Fascista;Partito Fascista;Fasiszta P0rt;Fa0istick0 Strana;Fasiszta P0rt;Fascistische Partij;Partido Fascista;;Fasistinenpuolue;
PTE_liberal;Liberal Party;Parti Lib0ral;Liberale Partei;Partia Liberalna;Partido Liberal;Partito Liberale;Liber0lis P0rt;Liber0ln0 Strana;Liber0lis P0rt;Liberale Partij;Partido Liberal;;Liberaalipuolue;
PTE_reactionary;National Party;Parti National;Nationale Partei;Partia Narodowa;Partido Nacional;Partito Nazionale;Nemzeti P0rt;N0rodn0 Strana;Nemzeti P0rt;Nationale Partij;Partido Nacional;;Kansallispuolue;
PTE_socialist;Socialist Party;Parti Socialiste;Sozialistische Partei;Partia Socjalistyczna;Partido Socialista;Partito Socialista;Szocialista P0rt;Socialistick0 Strana;Szocialista P0rt;Socialistische Partij;Partido Socialista;;Sosialistinenpuolue;
PTL;Palitana;Pâlîtânâ;Palitana;Palitana;Palitana;Palitana;Palitana;Palitana;Palitana;Palitana;Palitana;Palitana;Palitana;
PTL_ADJ;Palitanan;pâlîtânî;Palitananisch;Palitanan;palitano;Palitanan;Palitanan;Palitanan;Palitanan;Palitanan;Palitanan;Palitanan;Palitanan;
PTL_radical;Radical Party;Parti Radical;Radikale Partei;Partia Radykalna;Partido Radical;Partito Radicale;Radik0lis P0rt;Radik0ln0 Strana;Radik0lis P0rt;Radicale Partij;Partido Radical;;Radikaalipuolue;
PTL_communist;Communist Party;Parti Communiste;Kommunistische Partei;Partia Komunistyczna;Partido Comunista;Partito Comunista;Kommunista P0rt;Komunistick0 Strana;Kommunista P0rt;Communistische Partij;Partido Comunista;;Kommunistinenpuolue;
PTL_conservative;Conservative Party;Parti Conservateur;Konservative Partei;Partia Konserwatywna;Partido Conservador;Partito Conservatore;Konzervat0v P0rt;Konzervativn0 Strana;Konzervat0v P0rt;Conservatieve Partij;Partido Conservador;;Konservatiivipuolue;
PTL_fascist;Fascist Party;Parti Fasciste;Faschistische Partei;Partia Faszystowska;Partido Fascista;Partito Fascista;Fasiszta P0rt;Fa0istick0 Strana;Fasiszta P0rt;Fascistische Partij;Partido Fascista;;Fasistinenpuolue;
PTL_liberal;Liberal Party;Parti Lib0ral;Liberale Partei;Partia Liberalna;Partido Liberal;Partito Liberale;Liber0lis P0rt;Liber0ln0 Strana;Liber0lis P0rt;Liberale Partij;Partido Liberal;;Liberaalipuolue;
PTL_reactionary;National Party;Parti National;Nationale Partei;Partia Narodowa;Partido Nacional;Partito Nazionale;Nemzeti P0rt;N0rodn0 Strana;Nemzeti P0rt;Nationale Partij;Partido Nacional;;Kansallispuolue;
PTL_socialist;Socialist Party;Parti Socialiste;Sozialistische Partei;Partia Socjalistyczna;Partido Socialista;Partito Socialista;Szocialista P0rt;Socialistick0 Strana;Szocialista P0rt;Socialistische Partij;Partido Socialista;;Sosialistinenpuolue;
PTT;Patna;Patnâ;Patna;Patna;Patna;Patna;Patna;Patna;Patna;Patna;Patna;Patna;Patna;
PTT_ADJ;Patnan;patnî;Patnanisch;Patnan;patna;Patnan;Patnan;Patnan;Patnan;Patnan;Patnan;Patnan;Patnan;
PTT_radical;Radical Party;Parti Radical;Radikale Partei;Partia Radykalna;Partido Radical;Partito Radicale;Radik0lis P0rt;Radik0ln0 Strana;Radik0lis P0rt;Radicale Partij;Partido Radical;;Radikaalipuolue;
PTT_communist;Communist Party;Parti Communiste;Kommunistische Partei;Partia Komunistyczna;Partido Comunista;Partito Comunista;Kommunista P0rt;Komunistick0 Strana;Kommunista P0rt;Communistische Partij;Partido Comunista;;Kommunistinenpuolue;
PTT_conservative;Conservative Party;Parti Conservateur;Konservative Partei;Partia Konserwatywna;Partido Conservador;Partito Conservatore;Konzervat0v P0rt;Konzervativn0 Strana;Konzervat0v P0rt;Conservatieve Partij;Partido Conservador;;Konservatiivipuolue;
PTT_fascist;Fascist Party;Parti Fasciste;Faschistische Partei;Partia Faszystowska;Partido Fascista;Partito Fascista;Fasiszta P0rt;Fa0istick0 Strana;Fasiszta P0rt;Fascistische Partij;Partido Fascista;;Fasistinenpuolue;
PTT_liberal;Liberal Party;Parti Lib0ral;Liberale Partei;Partia Liberalna;Partido Liberal;Partito Liberale;Liber0lis P0rt;Liber0ln0 Strana;Liber0lis P0rt;Liberale Partij;Partido Liberal;;Liberaalipuolue;
PTT_reactionary;National Party;Parti National;Nationale Partei;Partia Narodowa;Partido Nacional;Partito Nazionale;Nemzeti P0rt;N0rodn0 Strana;Nemzeti P0rt;Nationale Partij;Partido Nacional;;Kansallispuolue;
PTT_socialist;Socialist Party;Parti Socialiste;Sozialistische Partei;Partia Socjalistyczna;Partido Socialista;Partito Socialista;Szocialista P0rt;Socialistick0 Strana;Szocialista P0rt;Socialistische Partij;Partido Socialista;;Sosialistinenpuolue;
PTW;Potiguara;Potiguaras;Potiguara;Potiguara;Potiguara;Potiguara;Potiguara;Potiguara;Potiguara;Potiguara;Potiguara;Potiguara;Potiguara;
PTW_ADJ;Potiguaran;potiguara;Potiguaranisch;Potiguaran;potiguaro;Potiguaran;Potiguaran;Potiguaran;Potiguaran;Potiguaran;Potiguaran;Potiguaran;Potiguaran;
PTW_radical;Radical Party;Parti Radical;Radikale Partei;Partia Radykalna;Partido Radical;Partito Radicale;Radik0lis P0rt;Radik0ln0 Strana;Radik0lis P0rt;Radicale Partij;Partido Radical;;Radikaalipuolue;
PTW_communist;Communist Party;Parti Communiste;Kommunistische Partei;Partia Komunistyczna;Partido Comunista;Partito Comunista;Kommunista P0rt;Komunistick0 Strana;Kommunista P0rt;Communistische Partij;Partido Comunista;;Kommunistinenpuolue;
PTW_conservative;Conservative Party;Parti Conservateur;Konservative Partei;Partia Konserwatywna;Partido Conservador;Partito Conservatore;Konzervat0v P0rt;Konzervativn0 Strana;Konzervat0v P0rt;Conservatieve Partij;Partido Conservador;;Konservatiivipuolue;
PTW_fascist;Fascist Party;Parti Fasciste;Faschistische Partei;Partia Faszystowska;Partido Fascista;Partito Fascista;Fasiszta P0rt;Fa0istick0 Strana;Fasiszta P0rt;Fascistische Partij;Partido Fascista;;Fasistinenpuolue;
PTW_liberal;Liberal Party;Parti Lib0ral;Liberale Partei;Partia Liberalna;Partido Liberal;Partito Liberale;Liber0lis P0rt;Liber0ln0 Strana;Liber0lis P0rt;Liberale Partij;Partido Liberal;;Liberaalipuolue;
PTW_reactionary;National Party;Parti National;Nationale Partei;Partia Narodowa;Partido Nacional;Partito Nazionale;Nemzeti P0rt;N0rodn0 Strana;Nemzeti P0rt;Nationale Partij;Partido Nacional;;Kansallispuolue;
PTW_socialist;Socialist Party;Parti Socialiste;Sozialistische Partei;Partia Socjalistyczna;Partido Socialista;Partito Socialista;Szocialista P0rt;Socialistick0 Strana;Szocialista P0rt;Socialistische Partij;Partido Socialista;;Sosialistinenpuolue;
PUE_radical;Radical Party;Parti Radical;Radikale Partei;Partia Radykalna;Partido Radical;Partito Radicale;Radik0lis P0rt;Radik0ln0 Strana;Radik0lis P0rt;Radicale Partij;Partido Radical;;Radikaalipuolue;
PUE_communist;Communist Party;Parti Communiste;Kommunistische Partei;Partia Komunistyczna;Partido Comunista;Partito Comunista;Kommunista P0rt;Komunistick0 Strana;Kommunista P0rt;Communistische Partij;Partido Comunista;;Kommunistinenpuolue;
PUE_conservative;Conservative Party;Parti Conservateur;Konservative Partei;Partia Konserwatywna;Partido Conservador;Partito Conservatore;Konzervat0v P0rt;Konzervativn0 Strana;Konzervat0v P0rt;Conservatieve Partij;Partido Conservador;;Konservatiivipuolue;
PUE_fascist;Fascist Party;Parti Fasciste;Faschistische Partei;Partia Faszystowska;Partido Fascista;Partito Fascista;Fasiszta P0rt;Fa0istick0 Strana;Fasiszta P0rt;Fascistische Partij;Partido Fascista;;Fasistinenpuolue;
PUE_liberal;Liberal Party;Parti Lib0ral;Liberale Partei;Partia Liberalna;Partido Liberal;Partito Liberale;Liber0lis P0rt;Liber0ln0 Strana;Liber0lis P0rt;Liberale Partij;Partido Liberal;;Liberaalipuolue;
PUE_reactionary;National Party;Parti National;Nationale Partei;Partia Narodowa;Partido Nacional;Partito Nazionale;Nemzeti P0rt;N0rodn0 Strana;Nemzeti P0rt;Nationale Partij;Partido Nacional;;Kansallispuolue;
PUE_socialist;Socialist Party;Parti Socialiste;Sozialistische Partei;Partia Socjalistyczna;Partido Socialista;Partito Socialista;Szocialista P0rt;Socialistick0 Strana;Szocialista P0rt;Socialistische Partij;Partido Socialista;;Sosialistinenpuolue;
QIC;Qi;Qi;Qi;Qi;Qi;Qi;Qi;Qi;Qi;Qi;Qi;Qi;Qi;
QIC_ADJ;Qi;Qi;Qisch;Qi;qi;Qi;Qi;Qi;Qi;Qi;Qi;Qi;Qi;
QIC_radical;Radical Party;Parti Radical;Radikale Partei;Partia Radykalna;Partido Radical;Partito Radicale;Radik0lis P0rt;Radik0ln0 Strana;Radik0lis P0rt;Radicale Partij;Partido Radical;;Radikaalipuolue;
QIC_communist;Communist Party;Parti Communiste;Kommunistische Partei;Partia Komunistyczna;Partido Comunista;Partito Comunista;Kommunista P0rt;Komunistick0 Strana;Kommunista P0rt;Communistische Partij;Partido Comunista;;Kommunistinenpuolue;
QIC_conservative;Conservative Party;Parti Conservateur;Konservative Partei;Partia Konserwatywna;Partido Conservador;Partito Conservatore;Konzervat0v P0rt;Konzervativn0 Strana;Konzervat0v P0rt;Conservatieve Partij;Partido Conservador;;Konservatiivipuolue;
QIC_fascist;Fascist Party;Parti Fasciste;Faschistische Partei;Partia Faszystowska;Partido Fascista;Partito Fascista;Fasiszta P0rt;Fa0istick0 Strana;Fasiszta P0rt;Fascistische Partij;Partido Fascista;;Fasistinenpuolue;
QIC_liberal;Liberal Party;Parti Lib0ral;Liberale Partei;Partia Liberalna;Partido Liberal;Partito Liberale;Liber0lis P0rt;Liber0ln0 Strana;Liber0lis P0rt;Liberale Partij;Partido Liberal;;Liberaalipuolue;
QIC_reactionary;National Party;Parti National;Nationale Partei;Partia Narodowa;Partido Nacional;Partito Nazionale;Nemzeti P0rt;N0rodn0 Strana;Nemzeti P0rt;Nationale Partij;Partido Nacional;;Kansallispuolue;
QIC_socialist;Socialist Party;Parti Socialiste;Sozialistische Partei;Partia Socjalistyczna;Partido Socialista;Partito Socialista;Szocialista P0rt;Socialistick0 Strana;Szocialista P0rt;Socialistische Partij;Partido Socialista;;Sosialistinenpuolue;
QOM;Ajam;Ajams;Adscham;Qom;Ajam;Qom;Qom;Qom;Qom;Qom;Qom;Qom;Qom;
QOM_ADJ;Ajami;ajame;Adschamisch;Ajami;ajamí;Ajami;Ajami;Ajami;Ajami;Ajami;Ajami;Ajami;Ajami;
QOM_radical;Radical Party;Parti Radical;Radikale Partei;Partia Radykalna;Partido Radical;Partito Radicale;Radik0lis P0rt;Radik0ln0 Strana;Radik0lis P0rt;Radicale Partij;Partido Radical;;Radikaalipuolue;
QOM_communist;Communist Party;Parti Communiste;Kommunistische Partei;Partia Komunistyczna;Partido Comunista;Partito Comunista;Kommunista P0rt;Komunistick0 Strana;Kommunista P0rt;Communistische Partij;Partido Comunista;;Kommunistinenpuolue;
QOM_conservative;Conservative Party;Parti Conservateur;Konservative Partei;Partia Konserwatywna;Partido Conservador;Partito Conservatore;Konzervat0v P0rt;Konzervativn0 Strana;Konzervat0v P0rt;Conservatieve Partij;Partido Conservador;;Konservatiivipuolue;
QOM_fascist;Fascist Party;Parti Fasciste;Faschistische Partei;Partia Faszystowska;Partido Fascista;Partito Fascista;Fasiszta P0rt;Fa0istick0 Strana;Fasiszta P0rt;Fascistische Partij;Partido Fascista;;Fasistinenpuolue;
QOM_liberal;Liberal Party;Parti Lib0ral;Liberale Partei;Partia Liberalna;Partido Liberal;Partito Liberale;Liber0lis P0rt;Liber0ln0 Strana;Liber0lis P0rt;Liberale Partij;Partido Liberal;;Liberaalipuolue;
QOM_reactionary;National Party;Parti National;Nationale Partei;Partia Narodowa;Partido Nacional;Partito Nazionale;Nemzeti P0rt;N0rodn0 Strana;Nemzeti P0rt;Nationale Partij;Partido Nacional;;Kansallispuolue;
QOM_socialist;Socialist Party;Parti Socialiste;Sozialistische Partei;Partia Socjalistyczna;Partido Socialista;Partito Socialista;Szocialista P0rt;Socialistick0 Strana;Szocialista P0rt;Socialistische Partij;Partido Socialista;;Sosialistinenpuolue;
QTO;Quito;Quito;Quito;Quito;Quito;Quito;Quito;Quito;Quito;Quito;Quito;Quito;Quito;
QTO_ADJ;Quitoan;quiténienne;Quitoanisch;Quitoan;quiteño;Quitoan;Quitoan;Quitoan;Quitoan;Quitoan;Quitoan;Quitoan;Quitoan;
QTO_radical;Radical Party;Parti Radical;Radikale Partei;Partia Radykalna;Partido Radical;Partito Radicale;Radik0lis P0rt;Radik0ln0 Strana;Radik0lis P0rt;Radicale Partij;Partido Radical;;Radikaalipuolue;
QTO_communist;Communist Party;Parti Communiste;Kommunistische Partei;Partia Komunistyczna;Partido Comunista;Partito Comunista;Kommunista P0rt;Komunistick0 Strana;Kommunista P0rt;Communistische Partij;Partido Comunista;;Kommunistinenpuolue;
QTO_conservative;Conservative Party;Parti Conservateur;Konservative Partei;Partia Konserwatywna;Partido Conservador;Partito Conservatore;Konzervat0v P0rt;Konzervativn0 Strana;Konzervat0v P0rt;Conservatieve Partij;Partido Conservador;;Konservatiivipuolue;
QTO_fascist;Fascist Party;Parti Fasciste;Faschistische Partei;Partia Faszystowska;Partido Fascista;Partito Fascista;Fasiszta P0rt;Fa0istick0 Strana;Fasiszta P0rt;Fascistische Partij;Partido Fascista;;Fasistinenpuolue;
QTO_liberal;Liberal Party;Parti Lib0ral;Liberale Partei;Partia Liberalna;Partido Liberal;Partito Liberale;Liber0lis P0rt;Liber0ln0 Strana;Liber0lis P0rt;Liberale Partij;Partido Liberal;;Liberaalipuolue;
QTO_reactionary;National Party;Parti National;Nationale Partei;Partia Narodowa;Partido Nacional;Partito Nazionale;Nemzeti P0rt;N0rodn0 Strana;Nemzeti P0rt;Nationale Partij;Partido Nacional;;Kansallispuolue;
QTO_socialist;Socialist Party;Parti Socialiste;Sozialistische Partei;Partia Socjalistyczna;Partido Socialista;Partito Socialista;Szocialista P0rt;Socialistick0 Strana;Szocialista P0rt;Socialistische Partij;Partido Socialista;;Sosialistinenpuolue;
RAS;Rassids;Rassides;Rassid;Rassids;Rasida;Rassids;Rassids;Rassids;Rassids;Rassids;Rassids;Rassids;Rassids;
RAS_ADJ;Rassid;rassidite;Rassidisch;Rassid;rasida;Rassid;Rassid;Rassid;Rassid;Rassid;Rassid;Rassid;Rassid;
RAS_radical;Radical Party;Parti Radical;Radikale Partei;Partia Radykalna;Partido Radical;Partito Radicale;Radik0lis P0rt;Radik0ln0 Strana;Radik0lis P0rt;Radicale Partij;Partido Radical;;Radikaalipuolue;
RAS_communist;Communist Party;Parti Communiste;Kommunistische Partei;Partia Komunistyczna;Partido Comunista;Partito Comunista;Kommunista P0rt;Komunistick0 Strana;Kommunista P0rt;Communistische Partij;Partido Comunista;;Kommunistinenpuolue;
RAS_conservative;Conservative Party;Parti Conservateur;Konservative Partei;Partia Konserwatywna;Partido Conservador;Partito Conservatore;Konzervat0v P0rt;Konzervativn0 Strana;Konzervat0v P0rt;Conservatieve Partij;Partido Conservador;;Konservatiivipuolue;
RAS_fascist;Fascist Party;Parti Fasciste;Faschistische Partei;Partia Faszystowska;Partido Fascista;Partito Fascista;Fasiszta P0rt;Fa0istick0 Strana;Fasiszta P0rt;Fascistische Partij;Partido Fascista;;Fasistinenpuolue;
RAS_liberal;Liberal Party;Parti Lib0ral;Liberale Partei;Partia Liberalna;Partido Liberal;Partito Liberale;Liber0lis P0rt;Liber0ln0 Strana;Liber0lis P0rt;Liberale Partij;Partido Liberal;;Liberaalipuolue;
RAS_reactionary;National Party;Parti National;Nationale Partei;Partia Narodowa;Partido Nacional;Partito Nazionale;Nemzeti P0rt;N0rodn0 Strana;Nemzeti P0rt;Nationale Partij;Partido Nacional;;Kansallispuolue;
RAS_socialist;Socialist Party;Parti Socialiste;Sozialistische Partei;Partia Socjalistyczna;Partido Socialista;Partito Socialista;Szocialista P0rt;Socialistick0 Strana;Szocialista P0rt;Socialistische Partij;Partido Socialista;;Sosialistinenpuolue;
RJK;Rajkot;Râjkot;Rajkot;Rajkot;Rajkot;Rajkot;Rajkot;Rajkot;Rajkot;Rajkot;Rajkot;Rajkot;Rajkot;
RJK_ADJ;Rajkoti;râjkoti;Rajkotisch;Rajkoti;rajkotí;Rajkoti;Rajkoti;Rajkoti;Rajkoti;Rajkoti;Rajkoti;Rajkoti;Rajkoti;
RJK_radical;Radical Party;Parti Radical;Radikale Partei;Partia Radykalna;Partido Radical;Partito Radicale;Radik0lis P0rt;Radik0ln0 Strana;Radik0lis P0rt;Radicale Partij;Partido Radical;;Radikaalipuolue;
RJK_communist;Communist Party;Parti Communiste;Kommunistische Partei;Partia Komunistyczna;Partido Comunista;Partito Comunista;Kommunista P0rt;Komunistick0 Strana;Kommunista P0rt;Communistische Partij;Partido Comunista;;Kommunistinenpuolue;
RJK_conservative;Conservative Party;Parti Conservateur;Konservative Partei;Partia Konserwatywna;Partido Conservador;Partito Conservatore;Konzervat0v P0rt;Konzervativn0 Strana;Konzervat0v P0rt;Conservatieve Partij;Partido Conservador;;Konservatiivipuolue;
RJK_fascist;Fascist Party;Parti Fasciste;Faschistische Partei;Partia Faszystowska;Partido Fascista;Partito Fascista;Fasiszta P0rt;Fa0istick0 Strana;Fasiszta P0rt;Fascistische Partij;Partido Fascista;;Fasistinenpuolue;
RJK_liberal;Liberal Party;Parti Lib0ral;Liberale Partei;Partia Liberalna;Partido Liberal;Partito Liberale;Liber0lis P0rt;Liber0ln0 Strana;Liber0lis P0rt;Liberale Partij;Partido Liberal;;Liberaalipuolue;
RJK_reactionary;National Party;Parti National;Nationale Partei;Partia Narodowa;Partido Nacional;Partito Nazionale;Nemzeti P0rt;N0rodn0 Strana;Nemzeti P0rt;Nationale Partij;Partido Nacional;;Kansallispuolue;
RJK_socialist;Socialist Party;Parti Socialiste;Sozialistische Partei;Partia Socjalistyczna;Partido Socialista;Partito Socialista;Szocialista P0rt;Socialistick0 Strana;Szocialista P0rt;Socialistische Partij;Partido Socialista;;Sosialistinenpuolue;
RJP;Dhundhar;Dhûndhâr;Jaipur;Dhundhar;Dhundhar;Dhundhar;Dhundhar;Dhundhar;Dhundhar;Dhundhar;Dhundhar;Dhundhar;Dhundhar;
RJP_ADJ;Dhundhari;dhûndhâri;Jaipurisch;Dhundhari;dhundhari;Dhundhari;Dhundhari;Dhundhari;Dhundhari;Dhundhari;Dhundhari;Dhundhari;Dhundhari;
RJP_radical;Radical Party;Parti Radical;Radikale Partei;Partia Radykalna;Partido Radical;Partito Radicale;Radik0lis P0rt;Radik0ln0 Strana;Radik0lis P0rt;Radicale Partij;Partido Radical;;Radikaalipuolue;
RJP_communist;Communist Party;Parti Communiste;Kommunistische Partei;Partia Komunistyczna;Partido Comunista;Partito Comunista;Kommunista P0rt;Komunistick0 Strana;Kommunista P0rt;Communistische Partij;Partido Comunista;;Kommunistinenpuolue;
RJP_conservative;Conservative Party;Parti Conservateur;Konservative Partei;Partia Konserwatywna;Partido Conservador;Partito Conservatore;Konzervat0v P0rt;Konzervativn0 Strana;Konzervat0v P0rt;Conservatieve Partij;Partido Conservador;;Konservatiivipuolue;
RJP_fascist;Fascist Party;Parti Fasciste;Faschistische Partei;Partia Faszystowska;Partido Fascista;Partito Fascista;Fasiszta P0rt;Fa0istick0 Strana;Fasiszta P0rt;Fascistische Partij;Partido Fascista;;Fasistinenpuolue;
RJP_liberal;Liberal Party;Parti Lib0ral;Liberale Partei;Partia Liberalna;Partido Liberal;Partito Liberale;Liber0lis P0rt;Liber0ln0 Strana;Liber0lis P0rt;Liberale Partij;Partido Liberal;;Liberaalipuolue;
RJP_reactionary;National Party;Parti National;Nationale Partei;Partia Narodowa;Partido Nacional;Partito Nazionale;Nemzeti P0rt;N0rodn0 Strana;Nemzeti P0rt;Nationale Partij;Partido Nacional;;Kansallispuolue;
RJP_socialist;Socialist Party;Parti Socialiste;Sozialistische Partei;Partia Socjalistyczna;Partido Socialista;Partito Socialista;Szocialista P0rt;Socialistick0 Strana;Szocialista P0rt;Socialistische Partij;Partido Socialista;;Sosialistinenpuolue;
RTT;Ratanpur;Ratanpur;Ratanpur;Ratanpur;Ratanpur;Ratanpur;Ratanpur;Ratanpur;Ratanpur;Ratanpur;Ratanpur;Ratanpur;Ratanpur;
RTT_ADJ;Ratanpuri;ratanâpûrî;Ratanpurisch;Ratanpuri;ratanpurí;Ratanpuri;Ratanpuri;Ratanpuri;Ratanpuri;Ratanpuri;Ratanpuri;Ratanpuri;Ratanpuri;
RTT_radical;Radical Party;Parti Radical;Radikale Partei;Partia Radykalna;Partido Radical;Partito Radicale;Radik0lis P0rt;Radik0ln0 Strana;Radik0lis P0rt;Radicale Partij;Partido Radical;;Radikaalipuolue;
RTT_communist;Communist Party;Parti Communiste;Kommunistische Partei;Partia Komunistyczna;Partido Comunista;Partito Comunista;Kommunista P0rt;Komunistick0 Strana;Kommunista P0rt;Communistische Partij;Partido Comunista;;Kommunistinenpuolue;
RTT_conservative;Conservative Party;Parti Conservateur;Konservative Partei;Partia Konserwatywna;Partido Conservador;Partito Conservatore;Konzervat0v P0rt;Konzervativn0 Strana;Konzervat0v P0rt;Conservatieve Partij;Partido Conservador;;Konservatiivipuolue;
RTT_fascist;Fascist Party;Parti Fasciste;Faschistische Partei;Partia Faszystowska;Partido Fascista;Partito Fascista;Fasiszta P0rt;Fa0istick0 Strana;Fasiszta P0rt;Fascistische Partij;Partido Fascista;;Fasistinenpuolue;
RTT_liberal;Liberal Party;Parti Lib0ral;Liberale Partei;Partia Liberalna;Partido Liberal;Partito Liberale;Liber0lis P0rt;Liber0ln0 Strana;Liber0lis P0rt;Liberale Partij;Partido Liberal;;Liberaalipuolue;
RTT_reactionary;National Party;Parti National;Nationale Partei;Partia Narodowa;Partido Nacional;Partito Nazionale;Nemzeti P0rt;N0rodn0 Strana;Nemzeti P0rt;Nationale Partij;Partido Nacional;;Kansallispuolue;
RTT_socialist;Socialist Party;Parti Socialiste;Sozialistische Partei;Partia Socjalistyczna;Partido Socialista;Partito Socialista;Szocialista P0rt;Socialistick0 Strana;Szocialista P0rt;Socialistische Partij;Partido Socialista;;Sosialistinenpuolue;
SAL;Salish;Salish;Salish;Salish;Salish;Salish;Salish;Salish;Salish;Salish;Salish;Salish;Salish;
SAL_ADJ;Salishan;salishe;Salishanisch;Salishan;salish;Salishan;Salishan;Salishan;Salishan;Salishan;Salishan;Salishan;Salishan;
SAL_radical;Radical Party;Parti Radical;Radikale Partei;Partia Radykalna;Partido Radical;Partito Radicale;Radik0lis P0rt;Radik0ln0 Strana;Radik0lis P0rt;Radicale Partij;Partido Radical;;Radikaalipuolue;
SAL_communist;Communist Party;Parti Communiste;Kommunistische Partei;Partia Komunistyczna;Partido Comunista;Partito Comunista;Kommunista P0rt;Komunistick0 Strana;Kommunista P0rt;Communistische Partij;Partido Comunista;;Kommunistinenpuolue;
SAL_conservative;Conservative Party;Parti Conservateur;Konservative Partei;Partia Konserwatywna;Partido Conservador;Partito Conservatore;Konzervat0v P0rt;Konzervativn0 Strana;Konzervat0v P0rt;Conservatieve Partij;Partido Conservador;;Konservatiivipuolue;
SAL_fascist;Fascist Party;Parti Fasciste;Faschistische Partei;Partia Faszystowska;Partido Fascista;Partito Fascista;Fasiszta P0rt;Fa0istick0 Strana;Fasiszta P0rt;Fascistische Partij;Partido Fascista;;Fasistinenpuolue;
SAL_liberal;Liberal Party;Parti Lib0ral;Liberale Partei;Partia Liberalna;Partido Liberal;Partito Liberale;Liber0lis P0rt;Liber0ln0 Strana;Liber0lis P0rt;Liberale Partij;Partido Liberal;;Liberaalipuolue;
SAL_reactionary;National Party;Parti National;Nationale Partei;Partia Narodowa;Partido Nacional;Partito Nazionale;Nemzeti P0rt;N0rodn0 Strana;Nemzeti P0rt;Nationale Partij;Partido Nacional;;Kansallispuolue;
SAL_socialist;Socialist Party;Parti Socialiste;Sozialistische Partei;Partia Socjalistyczna;Partido Socialista;Partito Socialista;Szocialista P0rt;Socialistick0 Strana;Szocialista P0rt;Socialistische Partij;Partido Socialista;;Sosialistinenpuolue;
SDY;Sadiya;Chutiya;Sadiya;Sadiya;Sadiya;Sadiya;Sadiya;Sadiya;Sadiya;Sadiya;Sadiya;Sadiya;Sadiya;
SDY_ADJ;Sadiyan;chutiya;Sadiyanisch;Sadiyan;sadiyano;Sadiyan;Sadiyan;Sadiyan;Sadiyan;Sadiyan;Sadiyan;Sadiyan;Sadiyan;
SDY_radical;Radical Party;Parti Radical;Radikale Partei;Partia Radykalna;Partido Radical;Partito Radicale;Radik0lis P0rt;Radik0ln0 Strana;Radik0lis P0rt;Radicale Partij;Partido Radical;;Radikaalipuolue;
SDY_communist;Communist Party;Parti Communiste;Kommunistische Partei;Partia Komunistyczna;Partido Comunista;Partito Comunista;Kommunista P0rt;Komunistick0 Strana;Kommunista P0rt;Communistische Partij;Partido Comunista;;Kommunistinenpuolue;
SDY_conservative;Conservative Party;Parti Conservateur;Konservative Partei;Partia Konserwatywna;Partido Conservador;Partito Conservatore;Konzervat0v P0rt;Konzervativn0 Strana;Konzervat0v P0rt;Conservatieve Partij;Partido Conservador;;Konservatiivipuolue;
SDY_fascist;Fascist Party;Parti Fasciste;Faschistische Partei;Partia Faszystowska;Partido Fascista;Partito Fascista;Fasiszta P0rt;Fa0istick0 Strana;Fasiszta P0rt;Fascistische Partij;Partido Fascista;;Fasistinenpuolue;
SDY_liberal;Liberal Party;Parti Lib0ral;Liberale Partei;Partia Liberalna;Partido Liberal;Partito Liberale;Liber0lis P0rt;Liber0ln0 Strana;Liber0lis P0rt;Liberale Partij;Partido Liberal;;Liberaalipuolue;
SDY_reactionary;National Party;Parti National;Nationale Partei;Partia Narodowa;Partido Nacional;Partito Nazionale;Nemzeti P0rt;N0rodn0 Strana;Nemzeti P0rt;Nationale Partij;Partido Nacional;;Kansallispuolue;
SDY_socialist;Socialist Party;Parti Socialiste;Sozialistische Partei;Partia Socjalistyczna;Partido Socialista;Partito Socialista;Szocialista P0rt;Socialistick0 Strana;Szocialista P0rt;Socialistische Partij;Partido Socialista;;Sosialistinenpuolue;
SHS_radical;Radical Party;Parti Radical;Radikale Partei;Partia Radykalna;Partido Radical;Partito Radicale;Radik0lis P0rt;Radik0ln0 Strana;Radik0lis P0rt;Radicale Partij;Partido Radical;;Radikaalipuolue;
SHS_communist;Communist Party;Parti Communiste;Kommunistische Partei;Partia Komunistyczna;Partido Comunista;Partito Comunista;Kommunista P0rt;Komunistick0 Strana;Kommunista P0rt;Communistische Partij;Partido Comunista;;Kommunistinenpuolue;
SHS_conservative;Conservative Party;Parti Conservateur;Konservative Partei;Partia Konserwatywna;Partido Conservador;Partito Conservatore;Konzervat0v P0rt;Konzervativn0 Strana;Konzervat0v P0rt;Conservatieve Partij;Partido Conservador;;Konservatiivipuolue;
SHS_fascist;Fascist Party;Parti Fasciste;Faschistische Partei;Partia Faszystowska;Partido Fascista;Partito Fascista;Fasiszta P0rt;Fa0istick0 Strana;Fasiszta P0rt;Fascistische Partij;Partido Fascista;;Fasistinenpuolue;
SHS_liberal;Liberal Party;Parti Lib0ral;Liberale Partei;Partia Liberalna;Partido Liberal;Partito Liberale;Liber0lis P0rt;Liber0ln0 Strana;Liber0lis P0rt;Liberale Partij;Partido Liberal;;Liberaalipuolue;
SHS_reactionary;National Party;Parti National;Nationale Partei;Partia Narodowa;Partido Nacional;Partito Nazionale;Nemzeti P0rt;N0rodn0 Strana;Nemzeti P0rt;Nationale Partij;Partido Nacional;;Kansallispuolue;
SHS_socialist;Socialist Party;Parti Socialiste;Sozialistische Partei;Partia Socjalistyczna;Partido Socialista;Partito Socialista;Szocialista P0rt;Socialistick0 Strana;Szocialista P0rt;Socialistische Partij;Partido Socialista;;Sosialistinenpuolue;
SHY;Uzbek;Ouzbeks;Usbekistan;Shaybanid;Uzbekos;Shaybanid;Shaybanid;Shaybanid;Shaybanid;Shaybanid;Shaybanid;Shaybanid;Shaybanid;
SHY_ADJ;Uzbek;ouzbèke;Usbekisch;Uzbek;shaybánida;Uzbek;Uzbek;Uzbek;Uzbek;Uzbek;Uzbek;Uzbek;Uzbek;
SHY_radical;Radical Party;Parti Radical;Radikale Partei;Partia Radykalna;Partido Radical;Partito Radicale;Radik0lis P0rt;Radik0ln0 Strana;Radik0lis P0rt;Radicale Partij;Partido Radical;;Radikaalipuolue;
SHY_communist;Communist Party;Parti Communiste;Kommunistische Partei;Partia Komunistyczna;Partido Comunista;Partito Comunista;Kommunista P0rt;Komunistick0 Strana;Kommunista P0rt;Communistische Partij;Partido Comunista;;Kommunistinenpuolue;
SHY_conservative;Conservative Party;Parti Conservateur;Konservative Partei;Partia Konserwatywna;Partido Conservador;Partito Conservatore;Konzervat0v P0rt;Konzervativn0 Strana;Konzervat0v P0rt;Conservatieve Partij;Partido Conservador;;Konservatiivipuolue;
SHY_fascist;Fascist Party;Parti Fasciste;Faschistische Partei;Partia Faszystowska;Partido Fascista;Partito Fascista;Fasiszta P0rt;Fa0istick0 Strana;Fasiszta P0rt;Fascistische Partij;Partido Fascista;;Fasistinenpuolue;
SHY_liberal;Liberal Party;Parti Lib0ral;Liberale Partei;Partia Liberalna;Partido Liberal;Partito Liberale;Liber0lis P0rt;Liber0ln0 Strana;Liber0lis P0rt;Liberale Partij;Partido Liberal;;Liberaalipuolue;
SHY_reactionary;National Party;Parti National;Nationale Partei;Partia Narodowa;Partido Nacional;Partito Nazionale;Nemzeti P0rt;N0rodn0 Strana;Nemzeti P0rt;Nationale Partij;Partido Nacional;;Kansallispuolue;
SHY_socialist;Socialist Party;Parti Socialiste;Sozialistische Partei;Partia Socjalistyczna;Partido Socialista;Partito Socialista;Szocialista P0rt;Socialistick0 Strana;Szocialista P0rt;Socialistische Partij;Partido Socialista;;Sosialistinenpuolue;
SIO_radical;Radical Party;Parti Radical;Radikale Partei;Partia Radykalna;Partido Radical;Partito Radicale;Radik0lis P0rt;Radik0ln0 Strana;Radik0lis P0rt;Radicale Partij;Partido Radical;;Radikaalipuolue;
SME;Samtskhe;Samtskhé;Samzche;Samtskhe;Samtsje;Samtskhe;Samtskhe;Samtskhe;Samtskhe;Samtskhe;Samtskhe;Samtskhe;Samtskhe;
SME_ADJ;Samtskhean;samtskhée;Samzchenisch;Samtskhean;samtjés;Samtskhean;Samtskhean;Samtskhean;Samtskhean;Samtskhean;Samtskhean;Samtskhean;Samtskhean;
SME_radical;Radical Party;Parti Radical;Radikale Partei;Partia Radykalna;Partido Radical;Partito Radicale;Radik0lis P0rt;Radik0ln0 Strana;Radik0lis P0rt;Radicale Partij;Partido Radical;;Radikaalipuolue;
SME_communist;Communist Party;Parti Communiste;Kommunistische Partei;Partia Komunistyczna;Partido Comunista;Partito Comunista;Kommunista P0rt;Komunistick0 Strana;Kommunista P0rt;Communistische Partij;Partido Comunista;;Kommunistinenpuolue;
SME_conservative;Conservative Party;Parti Conservateur;Konservative Partei;Partia Konserwatywna;Partido Conservador;Partito Conservatore;Konzervat0v P0rt;Konzervativn0 Strana;Konzervat0v P0rt;Conservatieve Partij;Partido Conservador;;Konservatiivipuolue;
SME_fascist;Fascist Party;Parti Fasciste;Faschistische Partei;Partia Faszystowska;Partido Fascista;Partito Fascista;Fasiszta P0rt;Fa0istick0 Strana;Fasiszta P0rt;Fascistische Partij;Partido Fascista;;Fasistinenpuolue;
SME_liberal;Liberal Party;Parti Lib0ral;Liberale Partei;Partia Liberalna;Partido Liberal;Partito Liberale;Liber0lis P0rt;Liber0ln0 Strana;Liber0lis P0rt;Liberale Partij;Partido Liberal;;Liberaalipuolue;
SME_reactionary;National Party;Parti National;Nationale Partei;Partia Narodowa;Partido Nacional;Partito Nazionale;Nemzeti P0rt;N0rodn0 Strana;Nemzeti P0rt;Nationale Partij;Partido Nacional;;Kansallispuolue;
SME_socialist;Socialist Party;Parti Socialiste;Sozialistische Partei;Partia Socjalistyczna;Partido Socialista;Partito Socialista;Szocialista P0rt;Socialistick0 Strana;Szocialista P0rt;Socialistische Partij;Partido Socialista;;Sosialistinenpuolue;
SOS;Sus;Souss;Sus;Sus;Sus;Sus;Sus;Sus;Sus;Sus;Sus;Sus;Sus;
SOS_ADJ;Susian;soussî;Susianisch;Susian;suso;Susian;Susian;Susian;Susian;Susian;Susian;Susian;Susian;
SOS_radical;Radical Party;Parti Radical;Radikale Partei;Partia Radykalna;Partido Radical;Partito Radicale;Radik0lis P0rt;Radik0ln0 Strana;Radik0lis P0rt;Radicale Partij;Partido Radical;;Radikaalipuolue;
SOS_communist;Communist Party;Parti Communiste;Kommunistische Partei;Partia Komunistyczna;Partido Comunista;Partito Comunista;Kommunista P0rt;Komunistick0 Strana;Kommunista P0rt;Communistische Partij;Partido Comunista;;Kommunistinenpuolue;
SOS_conservative;Conservative Party;Parti Conservateur;Konservative Partei;Partia Konserwatywna;Partido Conservador;Partito Conservatore;Konzervat0v P0rt;Konzervativn0 Strana;Konzervat0v P0rt;Conservatieve Partij;Partido Conservador;;Konservatiivipuolue;
SOS_fascist;Fascist Party;Parti Fasciste;Faschistische Partei;Partia Faszystowska;Partido Fascista;Partito Fascista;Fasiszta P0rt;Fa0istick0 Strana;Fasiszta P0rt;Fascistische Partij;Partido Fascista;;Fasistinenpuolue;
SOS_liberal;Liberal Party;Parti Lib0ral;Liberale Partei;Partia Liberalna;Partido Liberal;Partito Liberale;Liber0lis P0rt;Liber0ln0 Strana;Liber0lis P0rt;Liberale Partij;Partido Liberal;;Liberaalipuolue;
SOS_reactionary;National Party;Parti National;Nationale Partei;Partia Narodowa;Partido Nacional;Partito Nazionale;Nemzeti P0rt;N0rodn0 Strana;Nemzeti P0rt;Nationale Partij;Partido Nacional;;Kansallispuolue;
SOS_socialist;Socialist Party;Parti Socialiste;Sozialistische Partei;Partia Socjalistyczna;Partido Socialista;Partito Socialista;Szocialista P0rt;Socialistick0 Strana;Szocialista P0rt;Socialistische Partij;Partido Socialista;;Sosialistinenpuolue;
SRH;Sirhind;Sirhind;Sirhind;Sirhind;Sirhind;Sirhind;Sirhind;Sirhind;Sirhind;Sirhind;Sirhind;Sirhind;Sirhind;
SRH_ADJ;Sirhindi;sirhindi;Sirhindisch;Sirhindi;sirhindi;Sirhindi;Sirhindi;Sirhindi;Sirhindi;Sirhindi;Sirhindi;Sirhindi;Sirhindi;
SRH_radical;Radical Party;Parti Radical;Radikale Partei;Partia Radykalna;Partido Radical;Partito Radicale;Radik0lis P0rt;Radik0ln0 Strana;Radik0lis P0rt;Radicale Partij;Partido Radical;;Radikaalipuolue;
SRH_communist;Communist Party;Parti Communiste;Kommunistische Partei;Partia Komunistyczna;Partido Comunista;Partito Comunista;Kommunista P0rt;Komunistick0 Strana;Kommunista P0rt;Communistische Partij;Partido Comunista;;Kommunistinenpuolue;
SRH_conservative;Conservative Party;Parti Conservateur;Konservative Partei;Partia Konserwatywna;Partido Conservador;Partito Conservatore;Konzervat0v P0rt;Konzervativn0 Strana;Konzervat0v P0rt;Conservatieve Partij;Partido Conservador;;Konservatiivipuolue;
SRH_fascist;Fascist Party;Parti Fasciste;Faschistische Partei;Partia Faszystowska;Partido Fascista;Partito Fascista;Fasiszta P0rt;Fa0istick0 Strana;Fasiszta P0rt;Fascistische Partij;Partido Fascista;;Fasistinenpuolue;
SRH_liberal;Liberal Party;Parti Lib0ral;Liberale Partei;Partia Liberalna;Partido Liberal;Partito Liberale;Liber0lis P0rt;Liber0ln0 Strana;Liber0lis P0rt;Liberale Partij;Partido Liberal;;Liberaalipuolue;
SRH_reactionary;National Party;Parti National;Nationale Partei;Partia Narodowa;Partido Nacional;Partito Nazionale;Nemzeti P0rt;N0rodn0 Strana;Nemzeti P0rt;Nationale Partij;Partido Nacional;;Kansallispuolue;
SRH_socialist;Socialist Party;Parti Socialiste;Sozialistische Partei;Partia Socjalistyczna;Partido Socialista;Partito Socialista;Szocialista P0rt;Socialistick0 Strana;Szocialista P0rt;Socialistische Partij;Partido Socialista;;Sosialistinenpuolue;
SRM;Sirmur;Sirmûr;Sirmur;Sirmur;Sirmur;Sirmur;Sirmur;Sirmur;Sirmur;Sirmur;Sirmur;Sirmur;Sirmur;
SRM_ADJ;Sirmuri;sirmûri;Sirmurisch;Sirmuri;sirmurí;Sirmuri;Sirmuri;Sirmuri;Sirmuri;Sirmuri;Sirmuri;Sirmuri;Sirmuri;
SRM_radical;Radical Party;Parti Radical;Radikale Partei;Partia Radykalna;Partido Radical;Partito Radicale;Radik0lis P0rt;Radik0ln0 Strana;Radik0lis P0rt;Radicale Partij;Partido Radical;;Radikaalipuolue;
SRM_communist;Communist Party;Parti Communiste;Kommunistische Partei;Partia Komunistyczna;Partido Comunista;Partito Comunista;Kommunista P0rt;Komunistick0 Strana;Kommunista P0rt;Communistische Partij;Partido Comunista;;Kommunistinenpuolue;
SRM_conservative;Conservative Party;Parti Conservateur;Konservative Partei;Partia Konserwatywna;Partido Conservador;Partito Conservatore;Konzervat0v P0rt;Konzervativn0 Strana;Konzervat0v P0rt;Conservatieve Partij;Partido Conservador;;Konservatiivipuolue;
SRM_fascist;Fascist Party;Parti Fasciste;Faschistische Partei;Partia Faszystowska;Partido Fascista;Partito Fascista;Fasiszta P0rt;Fa0istick0 Strana;Fasiszta P0rt;Fascistische Partij;Partido Fascista;;Fasistinenpuolue;
SRM_liberal;Liberal Party;Parti Lib0ral;Liberale Partei;Partia Liberalna;Partido Liberal;Partito Liberale;Liber0lis P0rt;Liber0ln0 Strana;Liber0lis P0rt;Liberale Partij;Partido Liberal;;Liberaalipuolue;
SRM_reactionary;National Party;Parti National;Nationale Partei;Partia Narodowa;Partido Nacional;Partito Nazionale;Nemzeti P0rt;N0rodn0 Strana;Nemzeti P0rt;Nationale Partij;Partido Nacional;;Kansallispuolue;
SRM_socialist;Socialist Party;Parti Socialiste;Sozialistische Partei;Partia Socjalistyczna;Partido Socialista;Partito Socialista;Szocialista P0rt;Socialistick0 Strana;Szocialista P0rt;Socialistische Partij;Partido Socialista;;Sosialistinenpuolue;
SRV;Shirvan;Shîrvân;Schirwan;Shirvanshah;Shirvan;Shirvanshah;Shirvanshah;Shirvanshah;Shirvanshah;Shirvanshah;Shirvanshah;Shirvanshah;Shirvanshah;
SRV_ADJ;Shirvani;shîrvâni;Schirwanisch;Shirvani;shirvaní;Shirvani;Shirvani;Shirvani;Shirvani;Shirvani;Shirvani;Shirvani;Shirvani;
SRV_radical;Radical Party;Parti Radical;Radikale Partei;Partia Radykalna;Partido Radical;Partito Radicale;Radik0lis P0rt;Radik0ln0 Strana;Radik0lis P0rt;Radicale Partij;Partido Radical;;Radikaalipuolue;
SRV_communist;Communist Party;Parti Communiste;Kommunistische Partei;Partia Komunistyczna;Partido Comunista;Partito Comunista;Kommunista P0rt;Komunistick0 Strana;Kommunista P0rt;Communistische Partij;Partido Comunista;;Kommunistinenpuolue;
SRV_conservative;Conservative Party;Parti Conservateur;Konservative Partei;Partia Konserwatywna;Partido Conservador;Partito Conservatore;Konzervat0v P0rt;Konzervativn0 Strana;Konzervat0v P0rt;Conservatieve Partij;Partido Conservador;;Konservatiivipuolue;
SRV_fascist;Fascist Party;Parti Fasciste;Faschistische Partei;Partia Faszystowska;Partido Fascista;Partito Fascista;Fasiszta P0rt;Fa0istick0 Strana;Fasiszta P0rt;Fascistische Partij;Partido Fascista;;Fasistinenpuolue;
SRV_liberal;Liberal Party;Parti Lib0ral;Liberale Partei;Partia Liberalna;Partido Liberal;Partito Liberale;Liber0lis P0rt;Liber0ln0 Strana;Liber0lis P0rt;Liberale Partij;Partido Liberal;;Liberaalipuolue;
SRV_reactionary;National Party;Parti National;Nationale Partei;Partia Narodowa;Partido Nacional;Partito Nazionale;Nemzeti P0rt;N0rodn0 Strana;Nemzeti P0rt;Nationale Partij;Partido Nacional;;Kansallispuolue;
SRV_socialist;Socialist Party;Parti Socialiste;Sozialistische Partei;Partia Socjalistyczna;Partido Socialista;Partito Socialista;Szocialista P0rt;Socialistick0 Strana;Szocialista P0rt;Socialistische Partij;Partido Socialista;;Sosialistinenpuolue;
SUN;Sunda;Sunda;Sunda;Sunda;Sunda;Sunda;Sunda;Sunda;Sunda;Sunda;Sunda;Sunda;Sunda;
SUN_ADJ;Sundanese;sundanaise;Sundanesisch;Sundanese;sundanés;Sundanese;Sundanese;Sundanese;Sundanese;Sundanese;Sundanese;Sundanese;Sundanese;
SUN_radical;Radical Party;Parti Radical;Radikale Partei;Partia Radykalna;Partido Radical;Partito Radicale;Radik0lis P0rt;Radik0ln0 Strana;Radik0lis P0rt;Radicale Partij;Partido Radical;;Radikaalipuolue;
SUN_communist;Communist Party;Parti Communiste;Kommunistische Partei;Partia Komunistyczna;Partido Comunista;Partito Comunista;Kommunista P0rt;Komunistick0 Strana;Kommunista P0rt;Communistische Partij;Partido Comunista;;Kommunistinenpuolue;
SUN_conservative;Conservative Party;Parti Conservateur;Konservative Partei;Partia Konserwatywna;Partido Conservador;Partito Conservatore;Konzervat0v P0rt;Konzervativn0 Strana;Konzervat0v P0rt;Conservatieve Partij;Partido Conservador;;Konservatiivipuolue;
SUN_fascist;Fascist Party;Parti Fasciste;Faschistische Partei;Partia Faszystowska;Partido Fascista;Partito Fascista;Fasiszta P0rt;Fa0istick0 Strana;Fasiszta P0rt;Fascistische Partij;Partido Fascista;;Fasistinenpuolue;
SUN_liberal;Liberal Party;Parti Lib0ral;Liberale Partei;Partia Liberalna;Partido Liberal;Partito Liberale;Liber0lis P0rt;Liber0ln0 Strana;Liber0lis P0rt;Liberale Partij;Partido Liberal;;Liberaalipuolue;
SUN_reactionary;National Party;Parti National;Nationale Partei;Partia Narodowa;Partido Nacional;Partito Nazionale;Nemzeti P0rt;N0rodn0 Strana;Nemzeti P0rt;Nationale Partij;Partido Nacional;;Kansallispuolue;
SUN_socialist;Socialist Party;Parti Socialiste;Sozialistische Partei;Partia Socjalistyczna;Partido Socialista;Partito Socialista;Szocialista P0rt;Socialistick0 Strana;Szocialista P0rt;Socialistische Partij;Partido Socialista;;Sosialistinenpuolue;
SUS_radical;Radical Party;Parti Radical;Radikale Partei;Partia Radykalna;Partido Radical;Partito Radicale;Radik0lis P0rt;Radik0ln0 Strana;Radik0lis P0rt;Radicale Partij;Partido Radical;;Radikaalipuolue;
SUS_communist;Communist Party;Parti Communiste;Kommunistische Partei;Partia Komunistyczna;Partido Comunista;Partito Comunista;Kommunista P0rt;Komunistick0 Strana;Kommunista P0rt;Communistische Partij;Partido Comunista;;Kommunistinenpuolue;
SUS_conservative;Conservative Party;Parti Conservateur;Konservative Partei;Partia Konserwatywna;Partido Conservador;Partito Conservatore;Konzervat0v P0rt;Konzervativn0 Strana;Konzervat0v P0rt;Conservatieve Partij;Partido Conservador;;Konservatiivipuolue;
SUS_fascist;Fascist Party;Parti Fasciste;Faschistische Partei;Partia Faszystowska;Partido Fascista;Partito Fascista;Fasiszta P0rt;Fa0istick0 Strana;Fasiszta P0rt;Fascistische Partij;Partido Fascista;;Fasistinenpuolue;
SUS_liberal;Liberal Party;Parti Lib0ral;Liberale Partei;Partia Liberalna;Partido Liberal;Partito Liberale;Liber0lis P0rt;Liber0ln0 Strana;Liber0lis P0rt;Liberale Partij;Partido Liberal;;Liberaalipuolue;
SUS_reactionary;National Party;Parti National;Nationale Partei;Partia Narodowa;Partido Nacional;Partito Nazionale;Nemzeti P0rt;N0rodn0 Strana;Nemzeti P0rt;Nationale Partij;Partido Nacional;;Kansallispuolue;
SUS_socialist;Socialist Party;Parti Socialiste;Sozialistische Partei;Partia Socjalistyczna;Partido Socialista;Partito Socialista;Szocialista P0rt;Socialistick0 Strana;Szocialista P0rt;Socialistische Partij;Partido Socialista;;Sosialistinenpuolue;
SYG;Sarig Yogir;Sarïg Yogïr;Sarig Yogir;Sarigyogir;Sarig Yogir;Sarigyogir;Sarigyogir;Sarigyogir;Sarigyogir;Sarigyogir;Sarigyogir;Sarigyogir;Sarigyogir;
SYG_ADJ;Sarig Yogir;sarïg yogïr;Sarig-Yogirisch;Sarig Yogir;sarig Yogir;Sarig Yogir;Sarig Yogir;Sarig Yogir;Sarig Yogir;Sarig Yogir;Sarig Yogir;Sarig Yogir;Sarig Yogir;
SYG_radical;Radical Party;Parti Radical;Radikale Partei;Partia Radykalna;Partido Radical;Partito Radicale;Radik0lis P0rt;Radik0ln0 Strana;Radik0lis P0rt;Radicale Partij;Partido Radical;;Radikaalipuolue;
SYG_communist;Communist Party;Parti Communiste;Kommunistische Partei;Partia Komunistyczna;Partido Comunista;Partito Comunista;Kommunista P0rt;Komunistick0 Strana;Kommunista P0rt;Communistische Partij;Partido Comunista;;Kommunistinenpuolue;
SYG_conservative;Conservative Party;Parti Conservateur;Konservative Partei;Partia Konserwatywna;Partido Conservador;Partito Conservatore;Konzervat0v P0rt;Konzervativn0 Strana;Konzervat0v P0rt;Conservatieve Partij;Partido Conservador;;Konservatiivipuolue;
SYG_fascist;Fascist Party;Parti Fasciste;Faschistische Partei;Partia Faszystowska;Partido Fascista;Partito Fascista;Fasiszta P0rt;Fa0istick0 Strana;Fasiszta P0rt;Fascistische Partij;Partido Fascista;;Fasistinenpuolue;
SYG_liberal;Liberal Party;Parti Lib0ral;Liberale Partei;Partia Liberalna;Partido Liberal;Partito Liberale;Liber0lis P0rt;Liber0ln0 Strana;Liber0lis P0rt;Liberale Partij;Partido Liberal;;Liberaalipuolue;
SYG_reactionary;National Party;Parti National;Nationale Partei;Partia Narodowa;Partido Nacional;Partito Nazionale;Nemzeti P0rt;N0rodn0 Strana;Nemzeti P0rt;Nationale Partij;Partido Nacional;;Kansallispuolue;
SYG_socialist;Socialist Party;Parti Socialiste;Sozialistische Partei;Partia Socjalistyczna;Partido Socialista;Partito Socialista;Szocialista P0rt;Socialistick0 Strana;Szocialista P0rt;Socialistische Partij;Partido Socialista;;Sosialistinenpuolue;
TAB;Mazandaran;Mazandéran;Mazandaran;Tabarestan;Mazandarán;Tabarestan;Tabarestan;Tabarestan;Tabarestan;Tabarestan;Tabarestan;Tabarestan;Tabarestan;
TAB_ADJ;Mazandarani;mazandéranie;Mazandaranisch;Mazandarani;mazandaraní;Mazandarani;Mazandarani;Mazandarani;Mazandarani;Mazandarani;Mazandarani;Mazandarani;Mazandarani;
TAB_radical;Radical Party;Parti Radical;Radikale Partei;Partia Radykalna;Partido Radical;Partito Radicale;Radik0lis P0rt;Radik0ln0 Strana;Radik0lis P0rt;Radicale Partij;Partido Radical;;Radikaalipuolue;
TAB_communist;Communist Party;Parti Communiste;Kommunistische Partei;Partia Komunistyczna;Partido Comunista;Partito Comunista;Kommunista P0rt;Komunistick0 Strana;Kommunista P0rt;Communistische Partij;Partido Comunista;;Kommunistinenpuolue;
TAB_conservative;Conservative Party;Parti Conservateur;Konservative Partei;Partia Konserwatywna;Partido Conservador;Partito Conservatore;Konzervat0v P0rt;Konzervativn0 Strana;Konzervat0v P0rt;Conservatieve Partij;Partido Conservador;;Konservatiivipuolue;
TAB_fascist;Fascist Party;Parti Fasciste;Faschistische Partei;Partia Faszystowska;Partido Fascista;Partito Fascista;Fasiszta P0rt;Fa0istick0 Strana;Fasiszta P0rt;Fascistische Partij;Partido Fascista;;Fasistinenpuolue;
TAB_liberal;Liberal Party;Parti Lib0ral;Liberale Partei;Partia Liberalna;Partido Liberal;Partito Liberale;Liber0lis P0rt;Liber0ln0 Strana;Liber0lis P0rt;Liberale Partij;Partido Liberal;;Liberaalipuolue;
TAB_reactionary;National Party;Parti National;Nationale Partei;Partia Narodowa;Partido Nacional;Partito Nazionale;Nemzeti P0rt;N0rodn0 Strana;Nemzeti P0rt;Nationale Partij;Partido Nacional;;Kansallispuolue;
TAB_socialist;Socialist Party;Parti Socialiste;Sozialistische Partei;Partia Socjalistyczna;Partido Socialista;Partito Socialista;Szocialista P0rt;Socialistick0 Strana;Szocialista P0rt;Socialistische Partij;Partido Socialista;;Sosialistinenpuolue;
TDO;Tondo;Tondo;Tondo;Tondo;Tondó;Tondo;Tondo;Tondo;Tondo;Tondo;Tondo;Tondo;Tondo;
TDO_ADJ;Tondoan;tondoane;Tondoanisch;Tondoan;tondeño;Tondoan;Tondoan;Tondoan;Tondoan;Tondoan;Tondoan;Tondoan;Tondoan;
TDO_radical;Radical Party;Parti Radical;Radikale Partei;Partia Radykalna;Partido Radical;Partito Radicale;Radik0lis P0rt;Radik0ln0 Strana;Radik0lis P0rt;Radicale Partij;Partido Radical;;Radikaalipuolue;
TDO_communist;Communist Party;Parti Communiste;Kommunistische Partei;Partia Komunistyczna;Partido Comunista;Partito Comunista;Kommunista P0rt;Komunistick0 Strana;Kommunista P0rt;Communistische Partij;Partido Comunista;;Kommunistinenpuolue;
TDO_conservative;Conservative Party;Parti Conservateur;Konservative Partei;Partia Konserwatywna;Partido Conservador;Partito Conservatore;Konzervat0v P0rt;Konzervativn0 Strana;Konzervat0v P0rt;Conservatieve Partij;Partido Conservador;;Konservatiivipuolue;
TDO_fascist;Fascist Party;Parti Fasciste;Faschistische Partei;Partia Faszystowska;Partido Fascista;Partito Fascista;Fasiszta P0rt;Fa0istick0 Strana;Fasiszta P0rt;Fascistische Partij;Partido Fascista;;Fasistinenpuolue;
TDO_liberal;Liberal Party;Parti Lib0ral;Liberale Partei;Partia Liberalna;Partido Liberal;Partito Liberale;Liber0lis P0rt;Liber0ln0 Strana;Liber0lis P0rt;Liberale Partij;Partido Liberal;;Liberaalipuolue;
TDO_reactionary;National Party;Parti National;Nationale Partei;Partia Narodowa;Partido Nacional;Partito Nazionale;Nemzeti P0rt;N0rodn0 Strana;Nemzeti P0rt;Nationale Partij;Partido Nacional;;Kansallispuolue;
TDO_socialist;Socialist Party;Parti Socialiste;Sozialistische Partei;Partia Socjalistyczna;Partido Socialista;Partito Socialista;Szocialista P0rt;Socialistick0 Strana;Szocialista P0rt;Socialistische Partij;Partido Socialista;;Sosialistinenpuolue;
TEO;Teotitlan;Teotitlan;Teotitlan;Teotitlan;Teotitlán;Teotitlan;Teotitlan;Teotitlan;Teotitlan;Teotitlan;Teotitlan;Teotitlan;Teotitlan;
TEO_ADJ;Teotitlan;teotitlane;Teotitlanisch;Teotitlan;teotitlano;Teotitlan;Teotitlan;Teotitlan;Teotitlan;Teotitlan;Teotitlan;Teotitlan;Teotitlan;
TEO_radical;Radical Party;Parti Radical;Radikale Partei;Partia Radykalna;Partido Radical;Partito Radicale;Radik0lis P0rt;Radik0ln0 Strana;Radik0lis P0rt;Radicale Partij;Partido Radical;;Radikaalipuolue;
TEO_communist;Communist Party;Parti Communiste;Kommunistische Partei;Partia Komunistyczna;Partido Comunista;Partito Comunista;Kommunista P0rt;Komunistick0 Strana;Kommunista P0rt;Communistische Partij;Partido Comunista;;Kommunistinenpuolue;
TEO_conservative;Conservative Party;Parti Conservateur;Konservative Partei;Partia Konserwatywna;Partido Conservador;Partito Conservatore;Konzervat0v P0rt;Konzervativn0 Strana;Konzervat0v P0rt;Conservatieve Partij;Partido Conservador;;Konservatiivipuolue;
TEO_fascist;Fascist Party;Parti Fasciste;Faschistische Partei;Partia Faszystowska;Partido Fascista;Partito Fascista;Fasiszta P0rt;Fa0istick0 Strana;Fasiszta P0rt;Fascistische Partij;Partido Fascista;;Fasistinenpuolue;
TEO_liberal;Liberal Party;Parti Lib0ral;Liberale Partei;Partia Liberalna;Partido Liberal;Partito Liberale;Liber0lis P0rt;Liber0ln0 Strana;Liber0lis P0rt;Liberale Partij;Partido Liberal;;Liberaalipuolue;
TEO_reactionary;National Party;Parti National;Nationale Partei;Partia Narodowa;Partido Nacional;Partito Nazionale;Nemzeti P0rt;N0rodn0 Strana;Nemzeti P0rt;Nationale Partij;Partido Nacional;;Kansallispuolue;
TEO_socialist;Socialist Party;Parti Socialiste;Sozialistische Partei;Partia Socjalistyczna;Partido Socialista;Partito Socialista;Szocialista P0rt;Socialistick0 Strana;Szocialista P0rt;Socialistische Partij;Partido Socialista;;Sosialistinenpuolue;
TFL;Tafilalt;Tafilalet;Tafilalet;Tafilalt;Tafilalet;Tafilalt;Tafilalt;Tafilalt;Tafilalt;Tafilalt;Tafilalt;Tafilalt;Tafilalt;
TFL_ADJ;Tafilalti;filalie;Tafilaletisch;Tafilalti;tafilaletí;Tafilalti;Tafilalti;Tafilalti;Tafilalti;Tafilalti;Tafilalti;Tafilalti;Tafilalti;
TFL_radical;Radical Party;Parti Radical;Radikale Partei;Partia Radykalna;Partido Radical;Partito Radicale;Radik0lis P0rt;Radik0ln0 Strana;Radik0lis P0rt;Radicale Partij;Partido Radical;;Radikaalipuolue;
TFL_communist;Communist Party;Parti Communiste;Kommunistische Partei;Partia Komunistyczna;Partido Comunista;Partito Comunista;Kommunista P0rt;Komunistick0 Strana;Kommunista P0rt;Communistische Partij;Partido Comunista;;Kommunistinenpuolue;
TFL_conservative;Conservative Party;Parti Conservateur;Konservative Partei;Partia Konserwatywna;Partido Conservador;Partito Conservatore;Konzervat0v P0rt;Konzervativn0 Strana;Konzervat0v P0rt;Conservatieve Partij;Partido Conservador;;Konservatiivipuolue;
TFL_fascist;Fascist Party;Parti Fasciste;Faschistische Partei;Partia Faszystowska;Partido Fascista;Partito Fascista;Fasiszta P0rt;Fa0istick0 Strana;Fasiszta P0rt;Fascistische Partij;Partido Fascista;;Fasistinenpuolue;
TFL_liberal;Liberal Party;Parti Lib0ral;Liberale Partei;Partia Liberalna;Partido Liberal;Partito Liberale;Liber0lis P0rt;Liber0ln0 Strana;Liber0lis P0rt;Liberale Partij;Partido Liberal;;Liberaalipuolue;
TFL_reactionary;National Party;Parti National;Nationale Partei;Partia Narodowa;Partido Nacional;Partito Nazionale;Nemzeti P0rt;N0rodn0 Strana;Nemzeti P0rt;Nationale Partij;Partido Nacional;;Kansallispuolue;
TFL_socialist;Socialist Party;Parti Socialiste;Sozialistische Partei;Partia Socjalistyczna;Partido Socialista;Partito Socialista;Szocialista P0rt;Socialistick0 Strana;Szocialista P0rt;Socialistische Partij;Partido Socialista;;Sosialistinenpuolue;
TGT;Touggourt;Touggourt;Touggourt;Touggourt;Tuggurt;Touggourt;Touggourt;Touggourt;Touggourt;Touggourt;Touggourt;Touggourt;Touggourt;
TGT_ADJ;Touggourtian;touggourtienne;Touggourtisch;Touggourtian;tuggurt;Touggourtian;Touggourtian;Touggourtian;Touggourtian;Touggourtian;Touggourtian;Touggourtian;Touggourtian;
TGT_radical;Radical Party;Parti Radical;Radikale Partei;Partia Radykalna;Partido Radical;Partito Radicale;Radik0lis P0rt;Radik0ln0 Strana;Radik0lis P0rt;Radicale Partij;Partido Radical;;Radikaalipuolue;
TGT_communist;Communist Party;Parti Communiste;Kommunistische Partei;Partia Komunistyczna;Partido Comunista;Partito Comunista;Kommunista P0rt;Komunistick0 Strana;Kommunista P0rt;Communistische Partij;Partido Comunista;;Kommunistinenpuolue;
TGT_conservative;Conservative Party;Parti Conservateur;Konservative Partei;Partia Konserwatywna;Partido Conservador;Partito Conservatore;Konzervat0v P0rt;Konzervativn0 Strana;Konzervat0v P0rt;Conservatieve Partij;Partido Conservador;;Konservatiivipuolue;
TGT_fascist;Fascist Party;Parti Fasciste;Faschistische Partei;Partia Faszystowska;Partido Fascista;Partito Fascista;Fasiszta P0rt;Fa0istick0 Strana;Fasiszta P0rt;Fascistische Partij;Partido Fascista;;Fasistinenpuolue;
TGT_liberal;Liberal Party;Parti Lib0ral;Liberale Partei;Partia Liberalna;Partido Liberal;Partito Liberale;Liber0lis P0rt;Liber0ln0 Strana;Liber0lis P0rt;Liberale Partij;Partido Liberal;;Liberaalipuolue;
TGT_reactionary;National Party;Parti National;Nationale Partei;Partia Narodowa;Partido Nacional;Partito Nazionale;Nemzeti P0rt;N0rodn0 Strana;Nemzeti P0rt;Nationale Partij;Partido Nacional;;Kansallispuolue;
TGT_socialist;Socialist Party;Parti Socialiste;Sozialistische Partei;Partia Socjalistyczna;Partido Socialista;Partito Socialista;Szocialista P0rt;Socialistick0 Strana;Szocialista P0rt;Socialistische Partij;Partido Socialista;;Sosialistinenpuolue;
TID;Tidore;Tidore;Tidore;Tidore;Tidore;Tidore;Tidore;Tidore;Tidore;Tidore;Tidore;Tidore;Tidore;
TID_ADJ;Tidoran;tidorienne;Tidoranisch;Tidoran;tidore;Tidoran;Tidoran;Tidoran;Tidoran;Tidoran;Tidoran;Tidoran;Tidoran;
TID_radical;Radical Party;Parti Radical;Radikale Partei;Partia Radykalna;Partido Radical;Partito Radicale;Radik0lis P0rt;Radik0ln0 Strana;Radik0lis P0rt;Radicale Partij;Partido Radical;;Radikaalipuolue;
TID_communist;Communist Party;Parti Communiste;Kommunistische Partei;Partia Komunistyczna;Partido Comunista;Partito Comunista;Kommunista P0rt;Komunistick0 Strana;Kommunista P0rt;Communistische Partij;Partido Comunista;;Kommunistinenpuolue;
TID_conservative;Conservative Party;Parti Conservateur;Konservative Partei;Partia Konserwatywna;Partido Conservador;Partito Conservatore;Konzervat0v P0rt;Konzervativn0 Strana;Konzervat0v P0rt;Conservatieve Partij;Partido Conservador;;Konservatiivipuolue;
TID_fascist;Fascist Party;Parti Fasciste;Faschistische Partei;Partia Faszystowska;Partido Fascista;Partito Fascista;Fasiszta P0rt;Fa0istick0 Strana;Fasiszta P0rt;Fascistische Partij;Partido Fascista;;Fasistinenpuolue;
TID_liberal;Liberal Party;Parti Lib0ral;Liberale Partei;Partia Liberalna;Partido Liberal;Partito Liberale;Liber0lis P0rt;Liber0ln0 Strana;Liber0lis P0rt;Liberale Partij;Partido Liberal;;Liberaalipuolue;
TID_reactionary;National Party;Parti National;Nationale Partei;Partia Narodowa;Partido Nacional;Partito Nazionale;Nemzeti P0rt;N0rodn0 Strana;Nemzeti P0rt;Nationale Partij;Partido Nacional;;Kansallispuolue;
TID_socialist;Socialist Party;Parti Socialiste;Sozialistische Partei;Partia Socjalistyczna;Partido Socialista;Partito Socialista;Szocialista P0rt;Socialistick0 Strana;Szocialista P0rt;Socialistische Partij;Partido Socialista;;Sosialistinenpuolue;
TLA;Tlapanec;Tlapanèques;Tlapaneken;Tlapanec;Tlapanecas;Tlapanec;Tlapanec;Tlapanec;Tlapanec;Tlapanec;Tlapanec;Tlapanec;Tlapanec;
TLA_ADJ;Tlapanecan;tlapanèque;Tlapanekisch;Tlapanecan;tlapaneco;Tlapanecan;Tlapanecan;Tlapanecan;Tlapanecan;Tlapanecan;Tlapanecan;Tlapanecan;Tlapanecan;
TLA_radical;Radical Party;Parti Radical;Radikale Partei;Partia Radykalna;Partido Radical;Partito Radicale;Radik0lis P0rt;Radik0ln0 Strana;Radik0lis P0rt;Radicale Partij;Partido Radical;;Radikaalipuolue;
TLA_communist;Communist Party;Parti Communiste;Kommunistische Partei;Partia Komunistyczna;Partido Comunista;Partito Comunista;Kommunista P0rt;Komunistick0 Strana;Kommunista P0rt;Communistische Partij;Partido Comunista;;Kommunistinenpuolue;
TLA_conservative;Conservative Party;Parti Conservateur;Konservative Partei;Partia Konserwatywna;Partido Conservador;Partito Conservatore;Konzervat0v P0rt;Konzervativn0 Strana;Konzervat0v P0rt;Conservatieve Partij;Partido Conservador;;Konservatiivipuolue;
TLA_fascist;Fascist Party;Parti Fasciste;Faschistische Partei;Partia Faszystowska;Partido Fascista;Partito Fascista;Fasiszta P0rt;Fa0istick0 Strana;Fasiszta P0rt;Fascistische Partij;Partido Fascista;;Fasistinenpuolue;
TLA_liberal;Liberal Party;Parti Lib0ral;Liberale Partei;Partia Liberalna;Partido Liberal;Partito Liberale;Liber0lis P0rt;Liber0ln0 Strana;Liber0lis P0rt;Liberale Partij;Partido Liberal;;Liberaalipuolue;
TLA_reactionary;National Party;Parti National;Nationale Partei;Partia Narodowa;Partido Nacional;Partito Nazionale;Nemzeti P0rt;N0rodn0 Strana;Nemzeti P0rt;Nationale Partij;Partido Nacional;;Kansallispuolue;
TLA_socialist;Socialist Party;Parti Socialiste;Sozialistische Partei;Partia Socjalistyczna;Partido Socialista;Partito Socialista;Szocialista P0rt;Socialistick0 Strana;Szocialista P0rt;Socialistische Partij;Partido Socialista;;Sosialistinenpuolue;
TLC;Tlemcen;Tlemcen;Tlemcen;Tlemcen;Tremecén;Tlemcen;Tlemcen;Tlemcen;Tlemcen;Tlemcen;Tlemcen;Tlemcen;Tlemcen;
TLC_ADJ;Tlemceni;tlemcénienne;Tlemcenisch;Tlemceni;tremecino;Tlemceni;Tlemceni;Tlemceni;Tlemceni;Tlemceni;Tlemceni;Tlemceni;Tlemceni;
TLC_radical;Radical Party;Parti Radical;Radikale Partei;Partia Radykalna;Partido Radical;Partito Radicale;Radik0lis P0rt;Radik0ln0 Strana;Radik0lis P0rt;Radicale Partij;Partido Radical;;Radikaalipuolue;
TLC_communist;Communist Party;Parti Communiste;Kommunistische Partei;Partia Komunistyczna;Partido Comunista;Partito Comunista;Kommunista P0rt;Komunistick0 Strana;Kommunista P0rt;Communistische Partij;Partido Comunista;;Kommunistinenpuolue;
TLC_conservative;Conservative Party;Parti Conservateur;Konservative Partei;Partia Konserwatywna;Partido Conservador;Partito Conservatore;Konzervat0v P0rt;Konzervativn0 Strana;Konzervat0v P0rt;Conservatieve Partij;Partido Conservador;;Konservatiivipuolue;
TLC_fascist;Fascist Party;Parti Fasciste;Faschistische Partei;Partia Faszystowska;Partido Fascista;Partito Fascista;Fasiszta P0rt;Fa0istick0 Strana;Fasiszta P0rt;Fascistische Partij;Partido Fascista;;Fasistinenpuolue;
TLC_liberal;Liberal Party;Parti Lib0ral;Liberale Partei;Partia Liberalna;Partido Liberal;Partito Liberale;Liber0lis P0rt;Liber0ln0 Strana;Liber0lis P0rt;Liberale Partij;Partido Liberal;;Liberaalipuolue;
TLC_reactionary;National Party;Parti National;Nationale Partei;Partia Narodowa;Partido Nacional;Partito Nazionale;Nemzeti P0rt;N0rodn0 Strana;Nemzeti P0rt;Nationale Partij;Partido Nacional;;Kansallispuolue;
TLC_socialist;Socialist Party;Parti Socialiste;Sozialistische Partei;Partia Socjalistyczna;Partido Socialista;Partito Socialista;Szocialista P0rt;Socialistick0 Strana;Szocialista P0rt;Socialistische Partij;Partido Socialista;;Sosialistinenpuolue;
TLG;Telingana;Telangâna;Telangana;Telingana;Telingana;Telingana;Telingana;Telingana;Telingana;Telingana;Telingana;Telingana;Telingana;
TLG_ADJ;Telinganan;télinga;Telangananisch;Telinganan;telingano;Telinganan;Telinganan;Telinganan;Telinganan;Telinganan;Telinganan;Telinganan;Telinganan;
TLG_radical;Radical Party;Parti Radical;Radikale Partei;Partia Radykalna;Partido Radical;Partito Radicale;Radik0lis P0rt;Radik0ln0 Strana;Radik0lis P0rt;Radicale Partij;Partido Radical;;Radikaalipuolue;
TLG_communist;Communist Party;Parti Communiste;Kommunistische Partei;Partia Komunistyczna;Partido Comunista;Partito Comunista;Kommunista P0rt;Komunistick0 Strana;Kommunista P0rt;Communistische Partij;Partido Comunista;;Kommunistinenpuolue;
TLG_conservative;Conservative Party;Parti Conservateur;Konservative Partei;Partia Konserwatywna;Partido Conservador;Partito Conservatore;Konzervat0v P0rt;Konzervativn0 Strana;Konzervat0v P0rt;Conservatieve Partij;Partido Conservador;;Konservatiivipuolue;
TLG_fascist;Fascist Party;Parti Fasciste;Faschistische Partei;Partia Faszystowska;Partido Fascista;Partito Fascista;Fasiszta P0rt;Fa0istick0 Strana;Fasiszta P0rt;Fascistische Partij;Partido Fascista;;Fasistinenpuolue;
TLG_liberal;Liberal Party;Parti Lib0ral;Liberale Partei;Partia Liberalna;Partido Liberal;Partito Liberale;Liber0lis P0rt;Liber0ln0 Strana;Liber0lis P0rt;Liberale Partij;Partido Liberal;;Liberaalipuolue;
TLG_reactionary;National Party;Parti National;Nationale Partei;Partia Narodowa;Partido Nacional;Partito Nazionale;Nemzeti P0rt;N0rodn0 Strana;Nemzeti P0rt;Nationale Partij;Partido Nacional;;Kansallispuolue;
TLG_socialist;Socialist Party;Parti Socialiste;Sozialistische Partei;Partia Socjalistyczna;Partido Socialista;Partito Socialista;Szocialista P0rt;Socialistick0 Strana;Szocialista P0rt;Socialistische Partij;Partido Socialista;;Sosialistinenpuolue;
TLX;Tlaxcala;Tlaxcala;Tlaxcalteken;Tlaxcala;Tlaxcala;Tlaxcala;Tlaxcala;Tlaxcala;Tlaxcala;Tlaxcala;Tlaxcala;Tlaxcala;Tlaxcala;
TLX_ADJ;Tlaxcalan;tlaxcaltèque;Tlaxcaltekisch;Tlaxcalan;tlaxcala;Tlaxcalan;Tlaxcalan;Tlaxcalan;Tlaxcalan;Tlaxcalan;Tlaxcalan;Tlaxcalan;Tlaxcalan;
TLX_radical;Radical Party;Parti Radical;Radikale Partei;Partia Radykalna;Partido Radical;Partito Radicale;Radik0lis P0rt;Radik0ln0 Strana;Radik0lis P0rt;Radicale Partij;Partido Radical;;Radikaalipuolue;
TLX_communist;Communist Party;Parti Communiste;Kommunistische Partei;Partia Komunistyczna;Partido Comunista;Partito Comunista;Kommunista P0rt;Komunistick0 Strana;Kommunista P0rt;Communistische Partij;Partido Comunista;;Kommunistinenpuolue;
TLX_conservative;Conservative Party;Parti Conservateur;Konservative Partei;Partia Konserwatywna;Partido Conservador;Partito Conservatore;Konzervat0v P0rt;Konzervativn0 Strana;Konzervat0v P0rt;Conservatieve Partij;Partido Conservador;;Konservatiivipuolue;
TLX_fascist;Fascist Party;Parti Fasciste;Faschistische Partei;Partia Faszystowska;Partido Fascista;Partito Fascista;Fasiszta P0rt;Fa0istick0 Strana;Fasiszta P0rt;Fascistische Partij;Partido Fascista;;Fasistinenpuolue;
TLX_liberal;Liberal Party;Parti Lib0ral;Liberale Partei;Partia Liberalna;Partido Liberal;Partito Liberale;Liber0lis P0rt;Liber0ln0 Strana;Liber0lis P0rt;Liberale Partij;Partido Liberal;;Liberaalipuolue;
TLX_reactionary;National Party;Parti National;Nationale Partei;Partia Narodowa;Partido Nacional;Partito Nazionale;Nemzeti P0rt;N0rodn0 Strana;Nemzeti P0rt;Nationale Partij;Partido Nacional;;Kansallispuolue;
TLX_socialist;Socialist Party;Parti Socialiste;Sozialistische Partei;Partia Socjalistyczna;Partido Socialista;Partito Socialista;Szocialista P0rt;Socialistick0 Strana;Szocialista P0rt;Socialistische Partij;Partido Socialista;;Sosialistinenpuolue;
TMB;Timbuktu;Tombouctou;Timbuktu;Timbuktu;Tomboctú;Timbuktu;Timbuktu;Timbuktu;Timbuktu;Timbuktu;Timbuktu;Timbuktu;Timbuktu;
TMB_ADJ;Timbuktuan;tombouctienne;Timbuktisch;Timbuktuan;tombuctí;Timbuktuan;Timbuktuan;Timbuktuan;Timbuktuan;Timbuktuan;Timbuktuan;Timbuktuan;Timbuktuan;
TMB_radical;Radical Party;Parti Radical;Radikale Partei;Partia Radykalna;Partido Radical;Partito Radicale;Radik0lis P0rt;Radik0ln0 Strana;Radik0lis P0rt;Radicale Partij;Partido Radical;;Radikaalipuolue;
TMB_communist;Communist Party;Parti Communiste;Kommunistische Partei;Partia Komunistyczna;Partido Comunista;Partito Comunista;Kommunista P0rt;Komunistick0 Strana;Kommunista P0rt;Communistische Partij;Partido Comunista;;Kommunistinenpuolue;
TMB_conservative;Conservative Party;Parti Conservateur;Konservative Partei;Partia Konserwatywna;Partido Conservador;Partito Conservatore;Konzervat0v P0rt;Konzervativn0 Strana;Konzervat0v P0rt;Conservatieve Partij;Partido Conservador;;Konservatiivipuolue;
TMB_fascist;Fascist Party;Parti Fasciste;Faschistische Partei;Partia Faszystowska;Partido Fascista;Partito Fascista;Fasiszta P0rt;Fa0istick0 Strana;Fasiszta P0rt;Fascistische Partij;Partido Fascista;;Fasistinenpuolue;
TMB_liberal;Liberal Party;Parti Lib0ral;Liberale Partei;Partia Liberalna;Partido Liberal;Partito Liberale;Liber0lis P0rt;Liber0ln0 Strana;Liber0lis P0rt;Liberale Partij;Partido Liberal;;Liberaalipuolue;
TMB_reactionary;National Party;Parti National;Nationale Partei;Partia Narodowa;Partido Nacional;Partito Nazionale;Nemzeti P0rt;N0rodn0 Strana;Nemzeti P0rt;Nationale Partij;Partido Nacional;;Kansallispuolue;
TMB_socialist;Socialist Party;Parti Socialiste;Sozialistische Partei;Partia Socjalistyczna;Partido Socialista;Partito Socialista;Szocialista P0rt;Socialistick0 Strana;Szocialista P0rt;Socialistische Partij;Partido Socialista;;Sosialistinenpuolue;
TON;Tonala;Tonala;Tonala;Tonallan;Tonalá;Tonallan;Tonallan;Tonallan;Tonallan;Tonallan;Tonallan;Tonallan;Tonallan;
TON_ADJ;Tonalan;tonalane;Tonalanisch;Tonalan;tonalteca;Tonalan;Tonalan;Tonalan;Tonalan;Tonalan;Tonalan;Tonalan;Tonalan;
TON_radical;Radical Party;Parti Radical;Radikale Partei;Partia Radykalna;Partido Radical;Partito Radicale;Radik0lis P0rt;Radik0ln0 Strana;Radik0lis P0rt;Radicale Partij;Partido Radical;;Radikaalipuolue;
TON_communist;Communist Party;Parti Communiste;Kommunistische Partei;Partia Komunistyczna;Partido Comunista;Partito Comunista;Kommunista P0rt;Komunistick0 Strana;Kommunista P0rt;Communistische Partij;Partido Comunista;;Kommunistinenpuolue;
TON_conservative;Conservative Party;Parti Conservateur;Konservative Partei;Partia Konserwatywna;Partido Conservador;Partito Conservatore;Konzervat0v P0rt;Konzervativn0 Strana;Konzervat0v P0rt;Conservatieve Partij;Partido Conservador;;Konservatiivipuolue;
TON_fascist;Fascist Party;Parti Fasciste;Faschistische Partei;Partia Faszystowska;Partido Fascista;Partito Fascista;Fasiszta P0rt;Fa0istick0 Strana;Fasiszta P0rt;Fascistische Partij;Partido Fascista;;Fasistinenpuolue;
TON_liberal;Liberal Party;Parti Lib0ral;Liberale Partei;Partia Liberalna;Partido Liberal;Partito Liberale;Liber0lis P0rt;Liber0ln0 Strana;Liber0lis P0rt;Liberale Partij;Partido Liberal;;Liberaalipuolue;
TON_reactionary;National Party;Parti National;Nationale Partei;Partia Narodowa;Partido Nacional;Partito Nazionale;Nemzeti P0rt;N0rodn0 Strana;Nemzeti P0rt;Nationale Partij;Partido Nacional;;Kansallispuolue;
TON_socialist;Socialist Party;Parti Socialiste;Sozialistische Partei;Partia Socjalistyczna;Partido Socialista;Partito Socialista;Szocialista P0rt;Socialistick0 Strana;Szocialista P0rt;Socialistische Partij;Partido Socialista;;Sosialistinenpuolue;
TOT;Totonac;Totonaques;Totonaken;Totonac;Totonacos;Totonac;Totonac;Totonac;Totonac;Totonac;Totonac;Totonac;Totonac;
TOT_ADJ;Totonac;totonaque;Totonakisch;Totonac;totonacos;Totonac;Totonac;Totonac;Totonac;Totonac;Totonac;Totonac;Totonac;
TOT_radical;Radical Party;Parti Radical;Radikale Partei;Partia Radykalna;Partido Radical;Partito Radicale;Radik0lis P0rt;Radik0ln0 Strana;Radik0lis P0rt;Radicale Partij;Partido Radical;;Radikaalipuolue;
TOT_communist;Communist Party;Parti Communiste;Kommunistische Partei;Partia Komunistyczna;Partido Comunista;Partito Comunista;Kommunista P0rt;Komunistick0 Strana;Kommunista P0rt;Communistische Partij;Partido Comunista;;Kommunistinenpuolue;
TOT_conservative;Conservative Party;Parti Conservateur;Konservative Partei;Partia Konserwatywna;Partido Conservador;Partito Conservatore;Konzervat0v P0rt;Konzervativn0 Strana;Konzervat0v P0rt;Conservatieve Partij;Partido Conservador;;Konservatiivipuolue;
TOT_fascist;Fascist Party;Parti Fasciste;Faschistische Partei;Partia Faszystowska;Partido Fascista;Partito Fascista;Fasiszta P0rt;Fa0istick0 Strana;Fasiszta P0rt;Fascistische Partij;Partido Fascista;;Fasistinenpuolue;
TOT_liberal;Liberal Party;Parti Lib0ral;Liberale Partei;Partia Liberalna;Partido Liberal;Partito Liberale;Liber0lis P0rt;Liber0ln0 Strana;Liber0lis P0rt;Liberale Partij;Partido Liberal;;Liberaalipuolue;
TOT_reactionary;National Party;Parti National;Nationale Partei;Partia Narodowa;Partido Nacional;Partito Nazionale;Nemzeti P0rt;N0rodn0 Strana;Nemzeti P0rt;Nationale Partij;Partido Nacional;;Kansallispuolue;
TOT_socialist;Socialist Party;Parti Socialiste;Sozialistische Partei;Partia Socjalistyczna;Partido Socialista;Partito Socialista;Szocialista P0rt;Socialistick0 Strana;Szocialista P0rt;Socialistische Partij;Partido Socialista;;Sosialistinenpuolue;
TPA;Tupinamba;Tupinambas;Tupinamba;Tupinamba;Tupinambá;Tupinamba;Tupinamba;Tupinamba;Tupinamba;Tupinamba;Tupinamba;Tupinamba;Tupinamba;
TPA_ADJ;Tupinamban;topinamboue;Tupinambanisch;Tupinamban;tupinambano;Tupinamban;Tupinamban;Tupinamban;Tupinamban;Tupinamban;Tupinamban;Tupinamban;Tupinamban;
TPA_radical;Radical Party;Parti Radical;Radikale Partei;Partia Radykalna;Partido Radical;Partito Radicale;Radik0lis P0rt;Radik0ln0 Strana;Radik0lis P0rt;Radicale Partij;Partido Radical;;Radikaalipuolue;
TPA_communist;Communist Party;Parti Communiste;Kommunistische Partei;Partia Komunistyczna;Partido Comunista;Partito Comunista;Kommunista P0rt;Komunistick0 Strana;Kommunista P0rt;Communistische Partij;Partido Comunista;;Kommunistinenpuolue;
TPA_conservative;Conservative Party;Parti Conservateur;Konservative Partei;Partia Konserwatywna;Partido Conservador;Partito Conservatore;Konzervat0v P0rt;Konzervativn0 Strana;Konzervat0v P0rt;Conservatieve Partij;Partido Conservador;;Konservatiivipuolue;
TPA_fascist;Fascist Party;Parti Fasciste;Faschistische Partei;Partia Faszystowska;Partido Fascista;Partito Fascista;Fasiszta P0rt;Fa0istick0 Strana;Fasiszta P0rt;Fascistische Partij;Partido Fascista;;Fasistinenpuolue;
TPA_liberal;Liberal Party;Parti Lib0ral;Liberale Partei;Partia Liberalna;Partido Liberal;Partito Liberale;Liber0lis P0rt;Liber0ln0 Strana;Liber0lis P0rt;Liberale Partij;Partido Liberal;;Liberaalipuolue;
TPA_reactionary;National Party;Parti National;Nationale Partei;Partia Narodowa;Partido Nacional;Partito Nazionale;Nemzeti P0rt;N0rodn0 Strana;Nemzeti P0rt;Nationale Partij;Partido Nacional;;Kansallispuolue;
TPA_socialist;Socialist Party;Parti Socialiste;Sozialistische Partei;Partia Socjalistyczna;Partido Socialista;Partito Socialista;Szocialista P0rt;Socialistick0 Strana;Szocialista P0rt;Socialistische Partij;Partido Socialista;;Sosialistinenpuolue;
TPQ;Tupiniquim;Tupiniquim;Tupiniquim;Tupiniquim;Tupiniquim;Tupiniquim;Tupiniquim;Tupiniquim;Tupiniquim;Tupiniquim;Tupiniquim;Tupiniquim;Tupiniquim;
TPQ_ADJ;Tupiniquim;tupiniquime;Tupiniquimisch;Tupiniquim;tupiniquimo;Tupiniquim;Tupiniquim;Tupiniquim;Tupiniquim;Tupiniquim;Tupiniquim;Tupiniquim;Tupiniquim;
TPQ_radical;Radical Party;Parti Radical;Radikale Partei;Partia Radykalna;Partido Radical;Partito Radicale;Radik0lis P0rt;Radik0ln0 Strana;Radik0lis P0rt;Radicale Partij;Partido Radical;;Radikaalipuolue;
TPQ_communist;Communist Party;Parti Communiste;Kommunistische Partei;Partia Komunistyczna;Partido Comunista;Partito Comunista;Kommunista P0rt;Komunistick0 Strana;Kommunista P0rt;Communistische Partij;Partido Comunista;;Kommunistinenpuolue;
TPQ_conservative;Conservative Party;Parti Conservateur;Konservative Partei;Partia Konserwatywna;Partido Conservador;Partito Conservatore;Konzervat0v P0rt;Konzervativn0 Strana;Konzervat0v P0rt;Conservatieve Partij;Partido Conservador;;Konservatiivipuolue;
TPQ_fascist;Fascist Party;Parti Fasciste;Faschistische Partei;Partia Faszystowska;Partido Fascista;Partito Fascista;Fasiszta P0rt;Fa0istick0 Strana;Fasiszta P0rt;Fascistische Partij;Partido Fascista;;Fasistinenpuolue;
TPQ_liberal;Liberal Party;Parti Lib0ral;Liberale Partei;Partia Liberalna;Partido Liberal;Partito Liberale;Liber0lis P0rt;Liber0ln0 Strana;Liber0lis P0rt;Liberale Partij;Partido Liberal;;Liberaalipuolue;
TPQ_reactionary;National Party;Parti National;Nationale Partei;Partia Narodowa;Partido Nacional;Partito Nazionale;Nemzeti P0rt;N0rodn0 Strana;Nemzeti P0rt;Nationale Partij;Partido Nacional;;Kansallispuolue;
TPQ_socialist;Socialist Party;Parti Socialiste;Sozialistische Partei;Partia Socjalistyczna;Partido Socialista;Partito Socialista;Szocialista P0rt;Socialistick0 Strana;Szocialista P0rt;Socialistische Partij;Partido Socialista;;Sosialistinenpuolue;
TPR;Tripura;Tripurâ;Tripura;Tripura;Tripura;Tripura;Tripura;Tripura;Tripura;Tripura;Tripura;Tripura;Tripura;
TPR_ADJ;Tripuran;tripurî;Tripuranisch;Tripuran;tripurano;Tripuran;Tripuran;Tripuran;Tripuran;Tripuran;Tripuran;Tripuran;Tripuran;
TPR_radical;Radical Party;Parti Radical;Radikale Partei;Partia Radykalna;Partido Radical;Partito Radicale;Radik0lis P0rt;Radik0ln0 Strana;Radik0lis P0rt;Radicale Partij;Partido Radical;;Radikaalipuolue;
TPR_communist;Communist Party;Parti Communiste;Kommunistische Partei;Partia Komunistyczna;Partido Comunista;Partito Comunista;Kommunista P0rt;Komunistick0 Strana;Kommunista P0rt;Communistische Partij;Partido Comunista;;Kommunistinenpuolue;
TPR_conservative;Conservative Party;Parti Conservateur;Konservative Partei;Partia Konserwatywna;Partido Conservador;Partito Conservatore;Konzervat0v P0rt;Konzervativn0 Strana;Konzervat0v P0rt;Conservatieve Partij;Partido Conservador;;Konservatiivipuolue;
TPR_fascist;Fascist Party;Parti Fasciste;Faschistische Partei;Partia Faszystowska;Partido Fascista;Partito Fascista;Fasiszta P0rt;Fa0istick0 Strana;Fasiszta P0rt;Fascistische Partij;Partido Fascista;;Fasistinenpuolue;
TPR_liberal;Liberal Party;Parti Lib0ral;Liberale Partei;Partia Liberalna;Partido Liberal;Partito Liberale;Liber0lis P0rt;Liber0ln0 Strana;Liber0lis P0rt;Liberale Partij;Partido Liberal;;Liberaalipuolue;
TPR_reactionary;National Party;Parti National;Nationale Partei;Partia Narodowa;Partido Nacional;Partito Nazionale;Nemzeti P0rt;N0rodn0 Strana;Nemzeti P0rt;Nationale Partij;Partido Nacional;;Kansallispuolue;
TPR_socialist;Socialist Party;Parti Socialiste;Sozialistische Partei;Partia Socjalistyczna;Partido Socialista;Partito Socialista;Szocialista P0rt;Socialistick0 Strana;Szocialista P0rt;Socialistische Partij;Partido Socialista;;Sosialistinenpuolue;
TRO;Tairona;Tayronas;Tairona;Tairona;Tairona;Tairona;Tairona;Tairona;Tairona;Tairona;Tairona;Tairona;Tairona;
TRO_ADJ;Tairona;tayrona;Taironanisch;Tairona;tairona;Tairona;Tairona;Tairona;Tairona;Tairona;Tairona;Tairona;Tairona;
TRO_radical;Radical Party;Parti Radical;Radikale Partei;Partia Radykalna;Partido Radical;Partito Radicale;Radik0lis P0rt;Radik0ln0 Strana;Radik0lis P0rt;Radicale Partij;Partido Radical;;Radikaalipuolue;
TRO_communist;Communist Party;Parti Communiste;Kommunistische Partei;Partia Komunistyczna;Partido Comunista;Partito Comunista;Kommunista P0rt;Komunistick0 Strana;Kommunista P0rt;Communistische Partij;Partido Comunista;;Kommunistinenpuolue;
TRO_conservative;Conservative Party;Parti Conservateur;Konservative Partei;Partia Konserwatywna;Partido Conservador;Partito Conservatore;Konzervat0v P0rt;Konzervativn0 Strana;Konzervat0v P0rt;Conservatieve Partij;Partido Conservador;;Konservatiivipuolue;
TRO_fascist;Fascist Party;Parti Fasciste;Faschistische Partei;Partia Faszystowska;Partido Fascista;Partito Fascista;Fasiszta P0rt;Fa0istick0 Strana;Fasiszta P0rt;Fascistische Partij;Partido Fascista;;Fasistinenpuolue;
TRO_liberal;Liberal Party;Parti Lib0ral;Liberale Partei;Partia Liberalna;Partido Liberal;Partito Liberale;Liber0lis P0rt;Liber0ln0 Strana;Liber0lis P0rt;Liberale Partij;Partido Liberal;;Liberaalipuolue;
TRO_reactionary;National Party;Parti National;Nationale Partei;Partia Narodowa;Partido Nacional;Partito Nazionale;Nemzeti P0rt;N0rodn0 Strana;Nemzeti P0rt;Nationale Partij;Partido Nacional;;Kansallispuolue;
TRO_socialist;Socialist Party;Parti Socialiste;Sozialistische Partei;Partia Socjalistyczna;Partido Socialista;Partito Socialista;Szocialista P0rt;Socialistick0 Strana;Szocialista P0rt;Socialistische Partij;Partido Socialista;;Sosialistinenpuolue;
TRT;Tirhut;Tirhut;Tirhut;Tirhut;Tirhut;Tirhut;Tirhut;Tirhut;Tirhut;Tirhut;Tirhut;Tirhut;Tirhut;
TRT_ADJ;Tirhuti;tirhuti;Tirhutisch;Tirhuti;tirhuti;Tirhuti;Tirhuti;Tirhuti;Tirhuti;Tirhuti;Tirhuti;Tirhuti;Tirhuti;
TRT_radical;Radical Party;Parti Radical;Radikale Partei;Partia Radykalna;Partido Radical;Partito Radicale;Radik0lis P0rt;Radik0ln0 Strana;Radik0lis P0rt;Radicale Partij;Partido Radical;;Radikaalipuolue;
TRT_communist;Communist Party;Parti Communiste;Kommunistische Partei;Partia Komunistyczna;Partido Comunista;Partito Comunista;Kommunista P0rt;Komunistick0 Strana;Kommunista P0rt;Communistische Partij;Partido Comunista;;Kommunistinenpuolue;
TRT_conservative;Conservative Party;Parti Conservateur;Konservative Partei;Partia Konserwatywna;Partido Conservador;Partito Conservatore;Konzervat0v P0rt;Konzervativn0 Strana;Konzervat0v P0rt;Conservatieve Partij;Partido Conservador;;Konservatiivipuolue;
TRT_fascist;Fascist Party;Parti Fasciste;Faschistische Partei;Partia Faszystowska;Partido Fascista;Partito Fascista;Fasiszta P0rt;Fa0istick0 Strana;Fasiszta P0rt;Fascistische Partij;Partido Fascista;;Fasistinenpuolue;
TRT_liberal;Liberal Party;Parti Lib0ral;Liberale Partei;Partia Liberalna;Partido Liberal;Partito Liberale;Liber0lis P0rt;Liber0ln0 Strana;Liber0lis P0rt;Liberale Partij;Partido Liberal;;Liberaalipuolue;
TRT_reactionary;National Party;Parti National;Nationale Partei;Partia Narodowa;Partido Nacional;Partito Nazionale;Nemzeti P0rt;N0rodn0 Strana;Nemzeti P0rt;Nationale Partij;Partido Nacional;;Kansallispuolue;
TRT_socialist;Socialist Party;Parti Socialiste;Sozialistische Partei;Partia Socjalistyczna;Partido Socialista;Partito Socialista;Szocialista P0rt;Socialistick0 Strana;Szocialista P0rt;Socialistische Partij;Partido Socialista;;Sosialistinenpuolue;
TRX;Transoxiana;Transoxiane;Transoxanien;Transoxiana;Transoxiana;Transoxiana;Transoxiana;Transoxiana;Transoxiana;Transoxiana;Transoxiana;Transoxiana;Transoxiana;
TRX_ADJ;Transoxianian;transoxianienne;Transoxanisch;Transoxianian;transoxiano;Transoxianian;Transoxianian;Transoxianian;Transoxianian;Transoxianian;Transoxianian;Transoxianian;Transoxianian;
TRX_radical;Radical Party;Parti Radical;Radikale Partei;Partia Radykalna;Partido Radical;Partito Radicale;Radik0lis P0rt;Radik0ln0 Strana;Radik0lis P0rt;Radicale Partij;Partido Radical;;Radikaalipuolue;
TRX_communist;Communist Party;Parti Communiste;Kommunistische Partei;Partia Komunistyczna;Partido Comunista;Partito Comunista;Kommunista P0rt;Komunistick0 Strana;Kommunista P0rt;Communistische Partij;Partido Comunista;;Kommunistinenpuolue;
TRX_conservative;Conservative Party;Parti Conservateur;Konservative Partei;Partia Konserwatywna;Partido Conservador;Partito Conservatore;Konzervat0v P0rt;Konzervativn0 Strana;Konzervat0v P0rt;Conservatieve Partij;Partido Conservador;;Konservatiivipuolue;
TRX_fascist;Fascist Party;Parti Fasciste;Faschistische Partei;Partia Faszystowska;Partido Fascista;Partito Fascista;Fasiszta P0rt;Fa0istick0 Strana;Fasiszta P0rt;Fascistische Partij;Partido Fascista;;Fasistinenpuolue;
TRX_liberal;Liberal Party;Parti Lib0ral;Liberale Partei;Partia Liberalna;Partido Liberal;Partito Liberale;Liber0lis P0rt;Liber0ln0 Strana;Liber0lis P0rt;Liberale Partij;Partido Liberal;;Liberaalipuolue;
TRX_reactionary;National Party;Parti National;Nationale Partei;Partia Narodowa;Partido Nacional;Partito Nazionale;Nemzeti P0rt;N0rodn0 Strana;Nemzeti P0rt;Nationale Partij;Partido Nacional;;Kansallispuolue;
TRX_socialist;Socialist Party;Parti Socialiste;Sozialistische Partei;Partia Socjalistyczna;Partido Socialista;Partito Socialista;Szocialista P0rt;Socialistick0 Strana;Szocialista P0rt;Socialistische Partij;Partido Socialista;;Sosialistinenpuolue;
TRY;Tyrconnell;Tyrconnell;Tyrconnell;Tyrconnell;Tyrconnell;Tyrconnell;Tyrconnell;Tyrconnell;Tyrconnell;Tyrconnell;Tyrconnell;Tyrconnell;Tyrconnell;
TRY_ADJ;Tyrconnell;tyrconnellienne;Tyrconnellisch;Tyrconnell;tirconeliano;Tyrconnell;Tyrconnell;Tyrconnell;Tyrconnell;Tyrconnell;Tyrconnell;Tyrconnell;Tyrconnell;
TRY_radical;Radical Party;Parti Radical;Radikale Partei;Partia Radykalna;Partido Radical;Partito Radicale;Radik0lis P0rt;Radik0ln0 Strana;Radik0lis P0rt;Radicale Partij;Partido Radical;;Radikaalipuolue;
TRY_communist;Communist Party;Parti Communiste;Kommunistische Partei;Partia Komunistyczna;Partido Comunista;Partito Comunista;Kommunista P0rt;Komunistick0 Strana;Kommunista P0rt;Communistische Partij;Partido Comunista;;Kommunistinenpuolue;
TRY_conservative;Conservative Party;Parti Conservateur;Konservative Partei;Partia Konserwatywna;Partido Conservador;Partito Conservatore;Konzervat0v P0rt;Konzervativn0 Strana;Konzervat0v P0rt;Conservatieve Partij;Partido Conservador;;Konservatiivipuolue;
TRY_fascist;Fascist Party;Parti Fasciste;Faschistische Partei;Partia Faszystowska;Partido Fascista;Partito Fascista;Fasiszta P0rt;Fa0istick0 Strana;Fasiszta P0rt;Fascistische Partij;Partido Fascista;;Fasistinenpuolue;
TRY_liberal;Liberal Party;Parti Lib0ral;Liberale Partei;Partia Liberalna;Partido Liberal;Partito Liberale;Liber0lis P0rt;Liber0ln0 Strana;Liber0lis P0rt;Liberale Partij;Partido Liberal;;Liberaalipuolue;
TRY_reactionary;National Party;Parti National;Nationale Partei;Partia Narodowa;Partido Nacional;Partito Nazionale;Nemzeti P0rt;N0rodn0 Strana;Nemzeti P0rt;Nationale Partij;Partido Nacional;;Kansallispuolue;
TRY_socialist;Socialist Party;Parti Socialiste;Sozialistische Partei;Partia Socjalistyczna;Partido Socialista;Partito Socialista;Szocialista P0rt;Socialistick0 Strana;Szocialista P0rt;Socialistische Partij;Partido Socialista;;Sosialistinenpuolue;
TTE_radical;Radical Party;Parti Radical;Radikale Partei;Partia Radykalna;Partido Radical;Partito Radicale;Radik0lis P0rt;Radik0ln0 Strana;Radik0lis P0rt;Radicale Partij;Partido Radical;;Radikaalipuolue;
TTE_communist;Communist Party;Parti Communiste;Kommunistische Partei;Partia Komunistyczna;Partido Comunista;Partito Comunista;Kommunista P0rt;Komunistick0 Strana;Kommunista P0rt;Communistische Partij;Partido Comunista;;Kommunistinenpuolue;
TTE_conservative;Conservative Party;Parti Conservateur;Konservative Partei;Partia Konserwatywna;Partido Conservador;Partito Conservatore;Konzervat0v P0rt;Konzervativn0 Strana;Konzervat0v P0rt;Conservatieve Partij;Partido Conservador;;Konservatiivipuolue;
TTE_fascist;Fascist Party;Parti Fasciste;Faschistische Partei;Partia Faszystowska;Partido Fascista;Partito Fascista;Fasiszta P0rt;Fa0istick0 Strana;Fasiszta P0rt;Fascistische Partij;Partido Fascista;;Fasistinenpuolue;
TTE_liberal;Liberal Party;Parti Lib0ral;Liberale Partei;Partia Liberalna;Partido Liberal;Partito Liberale;Liber0lis P0rt;Liber0ln0 Strana;Liber0lis P0rt;Liberale Partij;Partido Liberal;;Liberaalipuolue;
TTE_reactionary;National Party;Parti National;Nationale Partei;Partia Narodowa;Partido Nacional;Partito Nazionale;Nemzeti P0rt;N0rodn0 Strana;Nemzeti P0rt;Nationale Partij;Partido Nacional;;Kansallispuolue;
TTE_socialist;Socialist Party;Parti Socialiste;Sozialistische Partei;Partia Socjalistyczna;Partido Socialista;Partito Socialista;Szocialista P0rt;Socialistick0 Strana;Szocialista P0rt;Socialistische Partij;Partido Socialista;;Sosialistinenpuolue;
TUA;Tapuia;Tapuias;Tapuia;Tapuia;Tapuia;Tapuia;Tapuia;Tapuia;Tapuia;Tapuia;Tapuia;Tapuia;Tapuia;
TUA_ADJ;Tapuian;tapuia;Tapuianisch;Tapuian;tapuiano;Tapuian;Tapuian;Tapuian;Tapuian;Tapuian;Tapuian;Tapuian;Tapuian;
TUA_radical;Radical Party;Parti Radical;Radikale Partei;Partia Radykalna;Partido Radical;Partito Radicale;Radik0lis P0rt;Radik0ln0 Strana;Radik0lis P0rt;Radicale Partij;Partido Radical;;Radikaalipuolue;
TUA_communist;Communist Party;Parti Communiste;Kommunistische Partei;Partia Komunistyczna;Partido Comunista;Partito Comunista;Kommunista P0rt;Komunistick0 Strana;Kommunista P0rt;Communistische Partij;Partido Comunista;;Kommunistinenpuolue;
TUA_conservative;Conservative Party;Parti Conservateur;Konservative Partei;Partia Konserwatywna;Partido Conservador;Partito Conservatore;Konzervat0v P0rt;Konzervativn0 Strana;Konzervat0v P0rt;Conservatieve Partij;Partido Conservador;;Konservatiivipuolue;
TUA_fascist;Fascist Party;Parti Fasciste;Faschistische Partei;Partia Faszystowska;Partido Fascista;Partito Fascista;Fasiszta P0rt;Fa0istick0 Strana;Fasiszta P0rt;Fascistische Partij;Partido Fascista;;Fasistinenpuolue;
TUA_liberal;Liberal Party;Parti Lib0ral;Liberale Partei;Partia Liberalna;Partido Liberal;Partito Liberale;Liber0lis P0rt;Liber0ln0 Strana;Liber0lis P0rt;Liberale Partij;Partido Liberal;;Liberaalipuolue;
TUA_reactionary;National Party;Parti National;Nationale Partei;Partia Narodowa;Partido Nacional;Partito Nazionale;Nemzeti P0rt;N0rodn0 Strana;Nemzeti P0rt;Nationale Partij;Partido Nacional;;Kansallispuolue;
TUA_socialist;Socialist Party;Parti Socialiste;Sozialistische Partei;Partia Socjalistyczna;Partido Socialista;Partito Socialista;Szocialista P0rt;Socialistick0 Strana;Szocialista P0rt;Socialistische Partij;Partido Socialista;;Sosialistinenpuolue;
TYO;Tyo;Tékés;Tyo;Tyo;Tyo;Tyo;Tyo;Tyo;Tyo;Tyo;Tyo;Tyo;Tyo;
TYO_ADJ;Tyoan;téké;Tyoisch;Tyoan;tyés;Tyoan;Tyoan;Tyoan;Tyoan;Tyoan;Tyoan;Tyoan;Tyoan;
TYO_radical;Radical Party;Parti Radical;Radikale Partei;Partia Radykalna;Partido Radical;Partito Radicale;Radik0lis P0rt;Radik0ln0 Strana;Radik0lis P0rt;Radicale Partij;Partido Radical;;Radikaalipuolue;
TYO_communist;Communist Party;Parti Communiste;Kommunistische Partei;Partia Komunistyczna;Partido Comunista;Partito Comunista;Kommunista P0rt;Komunistick0 Strana;Kommunista P0rt;Communistische Partij;Partido Comunista;;Kommunistinenpuolue;
TYO_conservative;Conservative Party;Parti Conservateur;Konservative Partei;Partia Konserwatywna;Partido Conservador;Partito Conservatore;Konzervat0v P0rt;Konzervativn0 Strana;Konzervat0v P0rt;Conservatieve Partij;Partido Conservador;;Konservatiivipuolue;
TYO_fascist;Fascist Party;Parti Fasciste;Faschistische Partei;Partia Faszystowska;Partido Fascista;Partito Fascista;Fasiszta P0rt;Fa0istick0 Strana;Fasiszta P0rt;Fascistische Partij;Partido Fascista;;Fasistinenpuolue;
TYO_liberal;Liberal Party;Parti Lib0ral;Liberale Partei;Partia Liberalna;Partido Liberal;Partito Liberale;Liber0lis P0rt;Liber0ln0 Strana;Liber0lis P0rt;Liberale Partij;Partido Liberal;;Liberaalipuolue;
TYO_reactionary;National Party;Parti National;Nationale Partei;Partia Narodowa;Partido Nacional;Partito Nazionale;Nemzeti P0rt;N0rodn0 Strana;Nemzeti P0rt;Nationale Partij;Partido Nacional;;Kansallispuolue;
TYO_socialist;Socialist Party;Parti Socialiste;Sozialistische Partei;Partia Socjalistyczna;Partido Socialista;Partito Socialista;Szocialista P0rt;Socialistick0 Strana;Szocialista P0rt;Socialistische Partij;Partido Socialista;;Sosialistinenpuolue;
UTS;Tsang;Tsang;Tsang;Utsang;Tsang;Utsang;Utsang;Utsang;Utsang;Utsang;Utsang;Utsang;Utsang;
UTS_ADJ;Tsangi;tsang;Tsangisch;Tsangi;tsangí;Tsangi;Tsangi;Tsangi;Tsangi;Tsangi;Tsangi;Tsangi;Tsangi;
UTS_radical;Radical Party;Parti Radical;Radikale Partei;Partia Radykalna;Partido Radical;Partito Radicale;Radik0lis P0rt;Radik0ln0 Strana;Radik0lis P0rt;Radicale Partij;Partido Radical;;Radikaalipuolue;
UTS_communist;Communist Party;Parti Communiste;Kommunistische Partei;Partia Komunistyczna;Partido Comunista;Partito Comunista;Kommunista P0rt;Komunistick0 Strana;Kommunista P0rt;Communistische Partij;Partido Comunista;;Kommunistinenpuolue;
UTS_conservative;Conservative Party;Parti Conservateur;Konservative Partei;Partia Konserwatywna;Partido Conservador;Partito Conservatore;Konzervat0v P0rt;Konzervativn0 Strana;Konzervat0v P0rt;Conservatieve Partij;Partido Conservador;;Konservatiivipuolue;
UTS_fascist;Fascist Party;Parti Fasciste;Faschistische Partei;Partia Faszystowska;Partido Fascista;Partito Fascista;Fasiszta P0rt;Fa0istick0 Strana;Fasiszta P0rt;Fascistische Partij;Partido Fascista;;Fasistinenpuolue;
UTS_liberal;Liberal Party;Parti Lib0ral;Liberale Partei;Partia Liberalna;Partido Liberal;Partito Liberale;Liber0lis P0rt;Liber0ln0 Strana;Liber0lis P0rt;Liberale Partij;Partido Liberal;;Liberaalipuolue;
UTS_reactionary;National Party;Parti National;Nationale Partei;Partia Narodowa;Partido Nacional;Partito Nazionale;Nemzeti P0rt;N0rodn0 Strana;Nemzeti P0rt;Nationale Partij;Partido Nacional;;Kansallispuolue;
UTS_socialist;Socialist Party;Parti Socialiste;Sozialistische Partei;Partia Socjalistyczna;Partido Socialista;Partito Socialista;Szocialista P0rt;Socialistick0 Strana;Szocialista P0rt;Socialistische Partij;Partido Socialista;;Sosialistinenpuolue;
VER;Verden;Verden;Verden;Verden;Verden;Verden;Verden;Verden;Verden;Verden;Verden;Verden;Verden;
VER_ADJ;Verdner;verdennienne;Verdensch;Verdner;verdense;Verdner;Verdner;Verdner;Verdner;Verdner;Verdner;Verdner;Verdner;
VER_radical;Radical Party;Parti Radical;Radikale Partei;Partia Radykalna;Partido Radical;Partito Radicale;Radik0lis P0rt;Radik0ln0 Strana;Radik0lis P0rt;Radicale Partij;Partido Radical;;Radikaalipuolue;
VER_communist;Communist Party;Parti Communiste;Kommunistische Partei;Partia Komunistyczna;Partido Comunista;Partito Comunista;Kommunista P0rt;Komunistick0 Strana;Kommunista P0rt;Communistische Partij;Partido Comunista;;Kommunistinenpuolue;
VER_conservative;Conservative Party;Parti Conservateur;Konservative Partei;Partia Konserwatywna;Partido Conservador;Partito Conservatore;Konzervat0v P0rt;Konzervativn0 Strana;Konzervat0v P0rt;Conservatieve Partij;Partido Conservador;;Konservatiivipuolue;
VER_fascist;Fascist Party;Parti Fasciste;Faschistische Partei;Partia Faszystowska;Partido Fascista;Partito Fascista;Fasiszta P0rt;Fa0istick0 Strana;Fasiszta P0rt;Fascistische Partij;Partido Fascista;;Fasistinenpuolue;
VER_liberal;Liberal Party;Parti Lib0ral;Liberale Partei;Partia Liberalna;Partido Liberal;Partito Liberale;Liber0lis P0rt;Liber0ln0 Strana;Liber0lis P0rt;Liberale Partij;Partido Liberal;;Liberaalipuolue;
VER_reactionary;National Party;Parti National;Nationale Partei;Partia Narodowa;Partido Nacional;Partito Nazionale;Nemzeti P0rt;N0rodn0 Strana;Nemzeti P0rt;Nationale Partij;Partido Nacional;;Kansallispuolue;
VER_socialist;Socialist Party;Parti Socialiste;Sozialistische Partei;Partia Socjalistyczna;Partido Socialista;Partito Socialista;Szocialista P0rt;Socialistick0 Strana;Szocialista P0rt;Socialistische Partij;Partido Socialista;;Sosialistinenpuolue;
WCR_radical;Radical Party;Parti Radical;Radikale Partei;Partia Radykalna;Partido Radical;Partito Radicale;Radik0lis P0rt;Radik0ln0 Strana;Radik0lis P0rt;Radicale Partij;Partido Radical;;Radikaalipuolue;
WCR_communist;Communist Party;Parti Communiste;Kommunistische Partei;Partia Komunistyczna;Partido Comunista;Partito Comunista;Kommunista P0rt;Komunistick0 Strana;Kommunista P0rt;Communistische Partij;Partido Comunista;;Kommunistinenpuolue;
WCR_conservative;Conservative Party;Parti Conservateur;Konservative Partei;Partia Konserwatywna;Partido Conservador;Partito Conservatore;Konzervat0v P0rt;Konzervativn0 Strana;Konzervat0v P0rt;Conservatieve Partij;Partido Conservador;;Konservatiivipuolue;
WCR_fascist;Fascist Party;Parti Fasciste;Faschistische Partei;Partia Faszystowska;Partido Fascista;Partito Fascista;Fasiszta P0rt;Fa0istick0 Strana;Fasiszta P0rt;Fascistische Partij;Partido Fascista;;Fasistinenpuolue;
WCR_liberal;Liberal Party;Parti Lib0ral;Liberale Partei;Partia Liberalna;Partido Liberal;Partito Liberale;Liber0lis P0rt;Liber0ln0 Strana;Liber0lis P0rt;Liberale Partij;Partido Liberal;;Liberaalipuolue;
WCR_reactionary;National Party;Parti National;Nationale Partei;Partia Narodowa;Partido Nacional;Partito Nazionale;Nemzeti P0rt;N0rodn0 Strana;Nemzeti P0rt;Nationale Partij;Partido Nacional;;Kansallispuolue;
WCR_socialist;Socialist Party;Parti Socialiste;Sozialistische Partei;Partia Socjalistyczna;Partido Socialista;Partito Socialista;Szocialista P0rt;Socialistick0 Strana;Szocialista P0rt;Socialistische Partij;Partido Socialista;;Sosialistinenpuolue;
WIC;Wichita;Wichitas;Wichita;Wichita;Wichitas;Wichita;Wichita;Wichita;Wichita;Wichita;Wichita;Wichita;Wichita;
WIC_ADJ;Wichita;wichita;Wichitanisch;Wichita;wichita;Wichita;Wichita;Wichita;Wichita;Wichita;Wichita;Wichita;Wichita;
WIC_radical;Radical Party;Parti Radical;Radikale Partei;Partia Radykalna;Partido Radical;Partito Radicale;Radik0lis P0rt;Radik0ln0 Strana;Radik0lis P0rt;Radicale Partij;Partido Radical;;Radikaalipuolue;
WIC_communist;Communist Party;Parti Communiste;Kommunistische Partei;Partia Komunistyczna;Partido Comunista;Partito Comunista;Kommunista P0rt;Komunistick0 Strana;Kommunista P0rt;Communistische Partij;Partido Comunista;;Kommunistinenpuolue;
WIC_conservative;Conservative Party;Parti Conservateur;Konservative Partei;Partia Konserwatywna;Partido Conservador;Partito Conservatore;Konzervat0v P0rt;Konzervativn0 Strana;Konzervat0v P0rt;Conservatieve Partij;Partido Conservador;;Konservatiivipuolue;
WIC_fascist;Fascist Party;Parti Fasciste;Faschistische Partei;Partia Faszystowska;Partido Fascista;Partito Fascista;Fasiszta P0rt;Fa0istick0 Strana;Fasiszta P0rt;Fascistische Partij;Partido Fascista;;Fasistinenpuolue;
WIC_liberal;Liberal Party;Parti Lib0ral;Liberale Partei;Partia Liberalna;Partido Liberal;Partito Liberale;Liber0lis P0rt;Liber0ln0 Strana;Liber0lis P0rt;Liberale Partij;Partido Liberal;;Liberaalipuolue;
WIC_reactionary;National Party;Parti National;Nationale Partei;Partia Narodowa;Partido Nacional;Partito Nazionale;Nemzeti P0rt;N0rodn0 Strana;Nemzeti P0rt;Nationale Partij;Partido Nacional;;Kansallispuolue;
WIC_socialist;Socialist Party;Parti Socialiste;Sozialistische Partei;Partia Socjalistyczna;Partido Socialista;Partito Socialista;Szocialista P0rt;Socialistick0 Strana;Szocialista P0rt;Socialistische Partij;Partido Socialista;;Sosialistinenpuolue;
WKA;Wanka;Huancas;Wanka;Wanka;Wanka;Wanka;Wanka;Wanka;Wanka;Wanka;Wanka;Wanka;Wanka;
WKA_ADJ;Wankan;huanca;Wankanisch;Wankan;wanka;Wankan;Wankan;Wankan;Wankan;Wankan;Wankan;Wankan;Wankan;
WKA_radical;Radical Party;Parti Radical;Radikale Partei;Partia Radykalna;Partido Radical;Partito Radicale;Radik0lis P0rt;Radik0ln0 Strana;Radik0lis P0rt;Radicale Partij;Partido Radical;;Radikaalipuolue;
WKA_communist;Communist Party;Parti Communiste;Kommunistische Partei;Partia Komunistyczna;Partido Comunista;Partito Comunista;Kommunista P0rt;Komunistick0 Strana;Kommunista P0rt;Communistische Partij;Partido Comunista;;Kommunistinenpuolue;
WKA_conservative;Conservative Party;Parti Conservateur;Konservative Partei;Partia Konserwatywna;Partido Conservador;Partito Conservatore;Konzervat0v P0rt;Konzervativn0 Strana;Konzervat0v P0rt;Conservatieve Partij;Partido Conservador;;Konservatiivipuolue;
WKA_fascist;Fascist Party;Parti Fasciste;Faschistische Partei;Partia Faszystowska;Partido Fascista;Partito Fascista;Fasiszta P0rt;Fa0istick0 Strana;Fasiszta P0rt;Fascistische Partij;Partido Fascista;;Fasistinenpuolue;
WKA_liberal;Liberal Party;Parti Lib0ral;Liberale Partei;Partia Liberalna;Partido Liberal;Partito Liberale;Liber0lis P0rt;Liber0ln0 Strana;Liber0lis P0rt;Liberale Partij;Partido Liberal;;Liberaalipuolue;
WKA_reactionary;National Party;Parti National;Nationale Partei;Partia Narodowa;Partido Nacional;Partito Nazionale;Nemzeti P0rt;N0rodn0 Strana;Nemzeti P0rt;Nationale Partij;Partido Nacional;;Kansallispuolue;
WKA_socialist;Socialist Party;Parti Socialiste;Sozialistische Partei;Partia Socjalistyczna;Partido Socialista;Partito Socialista;Szocialista P0rt;Socialistick0 Strana;Szocialista P0rt;Socialistische Partij;Partido Socialista;;Sosialistinenpuolue;
X00;Beja;Bedjas;Beja;Beja;Beja;Beja;Beja;Beja;Beja;Beja;Beja;Beja;Beja;
X00_ADJ;Bejan;bedja;Bejaisch;Bejan;bejano;Bejan;Bejan;Bejan;Bejan;Bejan;Bejan;Bejan;Bejan;
X00_radical;Radical Party;Parti Radical;Radikale Partei;Partia Radykalna;Partido Radical;Partito Radicale;Radik0lis P0rt;Radik0ln0 Strana;Radik0lis P0rt;Radicale Partij;Partido Radical;;Radikaalipuolue;
X00_communist;Communist Party;Parti Communiste;Kommunistische Partei;Partia Komunistyczna;Partido Comunista;Partito Comunista;Kommunista P0rt;Komunistick0 Strana;Kommunista P0rt;Communistische Partij;Partido Comunista;;Kommunistinenpuolue;
X00_conservative;Conservative Party;Parti Conservateur;Konservative Partei;Partia Konserwatywna;Partido Conservador;Partito Conservatore;Konzervat0v P0rt;Konzervativn0 Strana;Konzervat0v P0rt;Conservatieve Partij;Partido Conservador;;Konservatiivipuolue;
X00_fascist;Fascist Party;Parti Fasciste;Faschistische Partei;Partia Faszystowska;Partido Fascista;Partito Fascista;Fasiszta P0rt;Fa0istick0 Strana;Fasiszta P0rt;Fascistische Partij;Partido Fascista;;Fasistinenpuolue;
X00_liberal;Liberal Party;Parti Lib0ral;Liberale Partei;Partia Liberalna;Partido Liberal;Partito Liberale;Liber0lis P0rt;Liber0ln0 Strana;Liber0lis P0rt;Liberale Partij;Partido Liberal;;Liberaalipuolue;
X00_reactionary;National Party;Parti National;Nationale Partei;Partia Narodowa;Partido Nacional;Partito Nazionale;Nemzeti P0rt;N0rodn0 Strana;Nemzeti P0rt;Nationale Partij;Partido Nacional;;Kansallispuolue;
X00_socialist;Socialist Party;Parti Socialiste;Sozialistische Partei;Partia Socjalistyczna;Partido Socialista;Partito Socialista;Szocialista P0rt;Socialistick0 Strana;Szocialista P0rt;Socialistische Partij;Partido Socialista;;Sosialistinenpuolue;
X01;Beloozero;Beloozero;Beloozero;Beloozero;Beloozero;Beloozero;Beloozero;Beloozero;Beloozero;Beloozero;Beloozero;Beloozero;Beloozero;
X01_ADJ;Beloozeroan;béloozérienne;Beloozerisch;Beloozeroan;beloozerski;Beloozeroan;Beloozeroan;Beloozeroan;Beloozeroan;Beloozeroan;Beloozeroan;Beloozeroan;Beloozeroan;
X01_radical;Radical Party;Parti Radical;Radikale Partei;Partia Radykalna;Partido Radical;Partito Radicale;Radik0lis P0rt;Radik0ln0 Strana;Radik0lis P0rt;Radicale Partij;Partido Radical;;Radikaalipuolue;
X01_communist;Communist Party;Parti Communiste;Kommunistische Partei;Partia Komunistyczna;Partido Comunista;Partito Comunista;Kommunista P0rt;Komunistick0 Strana;Kommunista P0rt;Communistische Partij;Partido Comunista;;Kommunistinenpuolue;
X01_conservative;Conservative Party;Parti Conservateur;Konservative Partei;Partia Konserwatywna;Partido Conservador;Partito Conservatore;Konzervat0v P0rt;Konzervativn0 Strana;Konzervat0v P0rt;Conservatieve Partij;Partido Conservador;;Konservatiivipuolue;
X01_fascist;Fascist Party;Parti Fasciste;Faschistische Partei;Partia Faszystowska;Partido Fascista;Partito Fascista;Fasiszta P0rt;Fa0istick0 Strana;Fasiszta P0rt;Fascistische Partij;Partido Fascista;;Fasistinenpuolue;
X01_liberal;Liberal Party;Parti Lib0ral;Liberale Partei;Partia Liberalna;Partido Liberal;Partito Liberale;Liber0lis P0rt;Liber0ln0 Strana;Liber0lis P0rt;Liberale Partij;Partido Liberal;;Liberaalipuolue;
X01_reactionary;National Party;Parti National;Nationale Partei;Partia Narodowa;Partido Nacional;Partito Nazionale;Nemzeti P0rt;N0rodn0 Strana;Nemzeti P0rt;Nationale Partij;Partido Nacional;;Kansallispuolue;
X01_socialist;Socialist Party;Parti Socialiste;Sozialistische Partei;Partia Socjalistyczna;Partido Socialista;Partito Socialista;Szocialista P0rt;Socialistick0 Strana;Szocialista P0rt;Socialistische Partij;Partido Socialista;;Sosialistinenpuolue;
X02;Basra;Bassora;Basra;Basra;Basora;Basra;Basra;Basra;Basra;Basra;Basra;Basra;Basra;
X02_ADJ;Basran;bassorienne;Basranisch;Basran;basorí;Basran;Basran;Basran;Basran;Basran;Basran;Basran;Basran;
X02_radical;Radical Party;Parti Radical;Radikale Partei;Partia Radykalna;Partido Radical;Partito Radicale;Radik0lis P0rt;Radik0ln0 Strana;Radik0lis P0rt;Radicale Partij;Partido Radical;;Radikaalipuolue;
X02_communist;Communist Party;Parti Communiste;Kommunistische Partei;Partia Komunistyczna;Partido Comunista;Partito Comunista;Kommunista P0rt;Komunistick0 Strana;Kommunista P0rt;Communistische Partij;Partido Comunista;;Kommunistinenpuolue;
X02_conservative;Conservative Party;Parti Conservateur;Konservative Partei;Partia Konserwatywna;Partido Conservador;Partito Conservatore;Konzervat0v P0rt;Konzervativn0 Strana;Konzervat0v P0rt;Conservatieve Partij;Partido Conservador;;Konservatiivipuolue;
X02_fascist;Fascist Party;Parti Fasciste;Faschistische Partei;Partia Faszystowska;Partido Fascista;Partito Fascista;Fasiszta P0rt;Fa0istick0 Strana;Fasiszta P0rt;Fascistische Partij;Partido Fascista;;Fasistinenpuolue;
X02_liberal;Liberal Party;Parti Lib0ral;Liberale Partei;Partia Liberalna;Partido Liberal;Partito Liberale;Liber0lis P0rt;Liber0ln0 Strana;Liber0lis P0rt;Liberale Partij;Partido Liberal;;Liberaalipuolue;
X02_reactionary;National Party;Parti National;Nationale Partei;Partia Narodowa;Partido Nacional;Partito Nazionale;Nemzeti P0rt;N0rodn0 Strana;Nemzeti P0rt;Nationale Partij;Partido Nacional;;Kansallispuolue;
X02_socialist;Socialist Party;Parti Socialiste;Sozialistische Partei;Partia Socjalistyczna;Partido Socialista;Partito Socialista;Szocialista P0rt;Socialistick0 Strana;Szocialista P0rt;Socialistische Partij;Partido Socialista;;Sosialistinenpuolue;
X03;Damot;Da'amat;Damot;Damot;Damot;Damot;Damot;Damot;Damot;Damot;Damot;Damot;Damot;
X03_ADJ;Damotian;da'amat;Damotisch;Damotian;damotés;Damotian;Damotian;Damotian;Damotian;Damotian;Damotian;Damotian;Damotian;
X03_radical;Radical Party;Parti Radical;Radikale Partei;Partia Radykalna;Partido Radical;Partito Radicale;Radik0lis P0rt;Radik0ln0 Strana;Radik0lis P0rt;Radicale Partij;Partido Radical;;Radikaalipuolue;
X03_communist;Communist Party;Parti Communiste;Kommunistische Partei;Partia Komunistyczna;Partido Comunista;Partito Comunista;Kommunista P0rt;Komunistick0 Strana;Kommunista P0rt;Communistische Partij;Partido Comunista;;Kommunistinenpuolue;
X03_conservative;Conservative Party;Parti Conservateur;Konservative Partei;Partia Konserwatywna;Partido Conservador;Partito Conservatore;Konzervat0v P0rt;Konzervativn0 Strana;Konzervat0v P0rt;Conservatieve Partij;Partido Conservador;;Konservatiivipuolue;
X03_fascist;Fascist Party;Parti Fasciste;Faschistische Partei;Partia Faszystowska;Partido Fascista;Partito Fascista;Fasiszta P0rt;Fa0istick0 Strana;Fasiszta P0rt;Fascistische Partij;Partido Fascista;;Fasistinenpuolue;
X03_liberal;Liberal Party;Parti Lib0ral;Liberale Partei;Partia Liberalna;Partido Liberal;Partito Liberale;Liber0lis P0rt;Liber0ln0 Strana;Liber0lis P0rt;Liberale Partij;Partido Liberal;;Liberaalipuolue;
X03_reactionary;National Party;Parti National;Nationale Partei;Partia Narodowa;Partido Nacional;Partito Nazionale;Nemzeti P0rt;N0rodn0 Strana;Nemzeti P0rt;Nationale Partij;Partido Nacional;;Kansallispuolue;
X03_socialist;Socialist Party;Parti Socialiste;Sozialistische Partei;Partia Socjalistyczna;Partido Socialista;Partito Socialista;Szocialista P0rt;Socialistick0 Strana;Szocialista P0rt;Socialistische Partij;Partido Socialista;;Sosialistinenpuolue;
X04;Fars;Fars;Fars;Fars;Fars;Fars;Fars;Fars;Fars;Fars;Fars;Fars;Fars;
X04_ADJ;Farsi;farsie;Farsisch;Farsi;farsí;Farsi;Farsi;Farsi;Farsi;Farsi;Farsi;Farsi;Farsi;
X04_radical;Radical Party;Parti Radical;Radikale Partei;Partia Radykalna;Partido Radical;Partito Radicale;Radik0lis P0rt;Radik0ln0 Strana;Radik0lis P0rt;Radicale Partij;Partido Radical;;Radikaalipuolue;
X04_communist;Communist Party;Parti Communiste;Kommunistische Partei;Partia Komunistyczna;Partido Comunista;Partito Comunista;Kommunista P0rt;Komunistick0 Strana;Kommunista P0rt;Communistische Partij;Partido Comunista;;Kommunistinenpuolue;
X04_conservative;Conservative Party;Parti Conservateur;Konservative Partei;Partia Konserwatywna;Partido Conservador;Partito Conservatore;Konzervat0v P0rt;Konzervativn0 Strana;Konzervat0v P0rt;Conservatieve Partij;Partido Conservador;;Konservatiivipuolue;
X04_fascist;Fascist Party;Parti Fasciste;Faschistische Partei;Partia Faszystowska;Partido Fascista;Partito Fascista;Fasiszta P0rt;Fa0istick0 Strana;Fasiszta P0rt;Fascistische Partij;Partido Fascista;;Fasistinenpuolue;
X04_liberal;Liberal Party;Parti Lib0ral;Liberale Partei;Partia Liberalna;Partido Liberal;Partito Liberale;Liber0lis P0rt;Liber0ln0 Strana;Liber0lis P0rt;Liberale Partij;Partido Liberal;;Liberaalipuolue;
X04_reactionary;National Party;Parti National;Nationale Partei;Partia Narodowa;Partido Nacional;Partito Nazionale;Nemzeti P0rt;N0rodn0 Strana;Nemzeti P0rt;Nationale Partij;Partido Nacional;;Kansallispuolue;
X04_socialist;Socialist Party;Parti Socialiste;Sozialistische Partei;Partia Socjalistyczna;Partido Socialista;Partito Socialista;Szocialista P0rt;Socialistick0 Strana;Szocialista P0rt;Socialistische Partij;Partido Socialista;;Sosialistinenpuolue;
X05;Gilan;Gilan;Gilan;Gilan;Guilán;Gilan;Gilan;Gilan;Gilan;Gilan;Gilan;Gilan;Gilan;
X05_ADJ;Gilani;gilani;Gilanisch;Gilani;guilaní;Gilani;Gilani;Gilani;Gilani;Gilani;Gilani;Gilani;Gilani;
X05_radical;Radical Party;Parti Radical;Radikale Partei;Partia Radykalna;Partido Radical;Partito Radicale;Radik0lis P0rt;Radik0ln0 Strana;Radik0lis P0rt;Radicale Partij;Partido Radical;;Radikaalipuolue;
X05_communist;Communist Party;Parti Communiste;Kommunistische Partei;Partia Komunistyczna;Partido Comunista;Partito Comunista;Kommunista P0rt;Komunistick0 Strana;Kommunista P0rt;Communistische Partij;Partido Comunista;;Kommunistinenpuolue;
X05_conservative;Conservative Party;Parti Conservateur;Konservative Partei;Partia Konserwatywna;Partido Conservador;Partito Conservatore;Konzervat0v P0rt;Konzervativn0 Strana;Konzervat0v P0rt;Conservatieve Partij;Partido Conservador;;Konservatiivipuolue;
X05_fascist;Fascist Party;Parti Fasciste;Faschistische Partei;Partia Faszystowska;Partido Fascista;Partito Fascista;Fasiszta P0rt;Fa0istick0 Strana;Fasiszta P0rt;Fascistische Partij;Partido Fascista;;Fasistinenpuolue;
X05_liberal;Liberal Party;Parti Lib0ral;Liberale Partei;Partia Liberalna;Partido Liberal;Partito Liberale;Liber0lis P0rt;Liber0ln0 Strana;Liber0lis P0rt;Liberale Partij;Partido Liberal;;Liberaalipuolue;
X05_reactionary;National Party;Parti National;Nationale Partei;Partia Narodowa;Partido Nacional;Partito Nazionale;Nemzeti P0rt;N0rodn0 Strana;Nemzeti P0rt;Nationale Partij;Partido Nacional;;Kansallispuolue;
X05_socialist;Socialist Party;Parti Socialiste;Sozialistische Partei;Partia Socjalistyczna;Partido Socialista;Partito Socialista;Szocialista P0rt;Socialistick0 Strana;Szocialista P0rt;Socialistische Partij;Partido Socialista;;Sosialistinenpuolue;
X06;Luristan;Lorestan;Luristan;Luristan;Luristán;Luristan;Luristan;Luristan;Luristan;Luristan;Luristan;Luristan;Luristan;
X06_ADJ;Luristani;lorestanie;Luristanisch;Luristani;luro;Luristani;Luristani;Luristani;Luristani;Luristani;Luristani;Luristani;Luristani;
X06_radical;Radical Party;Parti Radical;Radikale Partei;Partia Radykalna;Partido Radical;Partito Radicale;Radik0lis P0rt;Radik0ln0 Strana;Radik0lis P0rt;Radicale Partij;Partido Radical;;Radikaalipuolue;
X06_communist;Communist Party;Parti Communiste;Kommunistische Partei;Partia Komunistyczna;Partido Comunista;Partito Comunista;Kommunista P0rt;Komunistick0 Strana;Kommunista P0rt;Communistische Partij;Partido Comunista;;Kommunistinenpuolue;
X06_conservative;Conservative Party;Parti Conservateur;Konservative Partei;Partia Konserwatywna;Partido Conservador;Partito Conservatore;Konzervat0v P0rt;Konzervativn0 Strana;Konzervat0v P0rt;Conservatieve Partij;Partido Conservador;;Konservatiivipuolue;
X06_fascist;Fascist Party;Parti Fasciste;Faschistische Partei;Partia Faszystowska;Partido Fascista;Partito Fascista;Fasiszta P0rt;Fa0istick0 Strana;Fasiszta P0rt;Fascistische Partij;Partido Fascista;;Fasistinenpuolue;
X06_liberal;Liberal Party;Parti Lib0ral;Liberale Partei;Partia Liberalna;Partido Liberal;Partito Liberale;Liber0lis P0rt;Liber0ln0 Strana;Liber0lis P0rt;Liberale Partij;Partido Liberal;;Liberaalipuolue;
X06_reactionary;National Party;Parti National;Nationale Partei;Partia Narodowa;Partido Nacional;Partito Nazionale;Nemzeti P0rt;N0rodn0 Strana;Nemzeti P0rt;Nationale Partij;Partido Nacional;;Kansallispuolue;
X06_socialist;Socialist Party;Parti Socialiste;Sozialistische Partei;Partia Socjalistyczna;Partido Socialista;Partito Socialista;Szocialista P0rt;Socialistick0 Strana;Szocialista P0rt;Socialistische Partij;Partido Socialista;;Sosialistinenpuolue;
X07;Livonia;Livonie;Livland;Livonia;Livonia;Livonia;Livonia;Livonia;Livonia;Livonia;Livonia;Livonia;Livonia;
X07_ADJ;Livonian;livonienne;Livländisch;Livonian;livonio;Livonian;Livonian;Livonian;Livonian;Livonian;Livonian;Livonian;Livonian;
X07_radical;Radical Party;Parti Radical;Radikale Partei;Partia Radykalna;Partido Radical;Partito Radicale;Radik0lis P0rt;Radik0ln0 Strana;Radik0lis P0rt;Radicale Partij;Partido Radical;;Radikaalipuolue;
X07_communist;Communist Party;Parti Communiste;Kommunistische Partei;Partia Komunistyczna;Partido Comunista;Partito Comunista;Kommunista P0rt;Komunistick0 Strana;Kommunista P0rt;Communistische Partij;Partido Comunista;;Kommunistinenpuolue;
X07_conservative;Conservative Party;Parti Conservateur;Konservative Partei;Partia Konserwatywna;Partido Conservador;Partito Conservatore;Konzervat0v P0rt;Konzervativn0 Strana;Konzervat0v P0rt;Conservatieve Partij;Partido Conservador;;Konservatiivipuolue;
X07_fascist;Fascist Party;Parti Fasciste;Faschistische Partei;Partia Faszystowska;Partido Fascista;Partito Fascista;Fasiszta P0rt;Fa0istick0 Strana;Fasiszta P0rt;Fascistische Partij;Partido Fascista;;Fasistinenpuolue;
X07_liberal;Liberal Party;Parti Lib0ral;Liberale Partei;Partia Liberalna;Partido Liberal;Partito Liberale;Liber0lis P0rt;Liber0ln0 Strana;Liber0lis P0rt;Liberale Partij;Partido Liberal;;Liberaalipuolue;
X07_reactionary;National Party;Parti National;Nationale Partei;Partia Narodowa;Partido Nacional;Partito Nazionale;Nemzeti P0rt;N0rodn0 Strana;Nemzeti P0rt;Nationale Partij;Partido Nacional;;Kansallispuolue;
X07_socialist;Socialist Party;Parti Socialiste;Sozialistische Partei;Partia Socjalistyczna;Partido Socialista;Partito Socialista;Szocialista P0rt;Socialistick0 Strana;Szocialista P0rt;Socialistische Partij;Partido Socialista;;Sosialistinenpuolue;
X08;Medina;Médine;Medina;Medina;Medina;Medina;Medina;Medina;Medina;Medina;Medina;Medina;Medina;
X08_ADJ;Medinan;médinoise;Medinanisch;Medinan;medinés;Medinan;Medinan;Medinan;Medinan;Medinan;Medinan;Medinan;Medinan;
X08_radical;Radical Party;Parti Radical;Radikale Partei;Partia Radykalna;Partido Radical;Partito Radicale;Radik0lis P0rt;Radik0ln0 Strana;Radik0lis P0rt;Radicale Partij;Partido Radical;;Radikaalipuolue;
X08_communist;Communist Party;Parti Communiste;Kommunistische Partei;Partia Komunistyczna;Partido Comunista;Partito Comunista;Kommunista P0rt;Komunistick0 Strana;Kommunista P0rt;Communistische Partij;Partido Comunista;;Kommunistinenpuolue;
X08_conservative;Conservative Party;Parti Conservateur;Konservative Partei;Partia Konserwatywna;Partido Conservador;Partito Conservatore;Konzervat0v P0rt;Konzervativn0 Strana;Konzervat0v P0rt;Conservatieve Partij;Partido Conservador;;Konservatiivipuolue;
X08_fascist;Fascist Party;Parti Fasciste;Faschistische Partei;Partia Faszystowska;Partido Fascista;Partito Fascista;Fasiszta P0rt;Fa0istick0 Strana;Fasiszta P0rt;Fascistische Partij;Partido Fascista;;Fasistinenpuolue;
X08_liberal;Liberal Party;Parti Lib0ral;Liberale Partei;Partia Liberalna;Partido Liberal;Partito Liberale;Liber0lis P0rt;Liber0ln0 Strana;Liber0lis P0rt;Liberale Partij;Partido Liberal;;Liberaalipuolue;
X08_reactionary;National Party;Parti National;Nationale Partei;Partia Narodowa;Partido Nacional;Partito Nazionale;Nemzeti P0rt;N0rodn0 Strana;Nemzeti P0rt;Nationale Partij;Partido Nacional;;Kansallispuolue;
X08_socialist;Socialist Party;Parti Socialiste;Sozialistische Partei;Partia Socjalistyczna;Partido Socialista;Partito Socialista;Szocialista P0rt;Socialistick0 Strana;Szocialista P0rt;Socialistische Partij;Partido Socialista;;Sosialistinenpuolue;
X09;Rostov;Rostov;Rostov;Rostov;Rostov;Rostov;Rostov;Rostov;Rostov;Rostov;Rostov;Rostov;Rostov;
X09_ADJ;Rostovian;rostovienne;Rostovisch;Rostovian;rostovita;Rostovian;Rostovian;Rostovian;Rostovian;Rostovian;Rostovian;Rostovian;Rostovian;
X09_radical;Radical Party;Parti Radical;Radikale Partei;Partia Radykalna;Partido Radical;Partito Radicale;Radik0lis P0rt;Radik0ln0 Strana;Radik0lis P0rt;Radicale Partij;Partido Radical;;Radikaalipuolue;
X09_communist;Communist Party;Parti Communiste;Kommunistische Partei;Partia Komunistyczna;Partido Comunista;Partito Comunista;Kommunista P0rt;Komunistick0 Strana;Kommunista P0rt;Communistische Partij;Partido Comunista;;Kommunistinenpuolue;
X09_conservative;Conservative Party;Parti Conservateur;Konservative Partei;Partia Konserwatywna;Partido Conservador;Partito Conservatore;Konzervat0v P0rt;Konzervativn0 Strana;Konzervat0v P0rt;Conservatieve Partij;Partido Conservador;;Konservatiivipuolue;
X09_fascist;Fascist Party;Parti Fasciste;Faschistische Partei;Partia Faszystowska;Partido Fascista;Partito Fascista;Fasiszta P0rt;Fa0istick0 Strana;Fasiszta P0rt;Fascistische Partij;Partido Fascista;;Fasistinenpuolue;
X09_liberal;Liberal Party;Parti Lib0ral;Liberale Partei;Partia Liberalna;Partido Liberal;Partito Liberale;Liber0lis P0rt;Liber0ln0 Strana;Liber0lis P0rt;Liberale Partij;Partido Liberal;;Liberaalipuolue;
X09_reactionary;National Party;Parti National;Nationale Partei;Partia Narodowa;Partido Nacional;Partito Nazionale;Nemzeti P0rt;N0rodn0 Strana;Nemzeti P0rt;Nationale Partij;Partido Nacional;;Kansallispuolue;
X09_socialist;Socialist Party;Parti Socialiste;Sozialistische Partei;Partia Socjalistyczna;Partido Socialista;Partito Socialista;Szocialista P0rt;Socialistick0 Strana;Szocialista P0rt;Socialistische Partij;Partido Socialista;;Sosialistinenpuolue;
X10;Sistan;Sistân;Sistan;Sistan;Sistán;Sistan;Sistan;Sistan;Sistan;Sistan;Sistan;Sistan;Sistan;
X10_ADJ;Sistani;sistânie;Sistanisch;Sistani;sistaní;Sistani;Sistani;Sistani;Sistani;Sistani;Sistani;Sistani;Sistani;
X10_radical;Radical Party;Parti Radical;Radikale Partei;Partia Radykalna;Partido Radical;Partito Radicale;Radik0lis P0rt;Radik0ln0 Strana;Radik0lis P0rt;Radicale Partij;Partido Radical;;Radikaalipuolue;
X10_communist;Communist Party;Parti Communiste;Kommunistische Partei;Partia Komunistyczna;Partido Comunista;Partito Comunista;Kommunista P0rt;Komunistick0 Strana;Kommunista P0rt;Communistische Partij;Partido Comunista;;Kommunistinenpuolue;
X10_conservative;Conservative Party;Parti Conservateur;Konservative Partei;Partia Konserwatywna;Partido Conservador;Partito Conservatore;Konzervat0v P0rt;Konzervativn0 Strana;Konzervat0v P0rt;Conservatieve Partij;Partido Conservador;;Konservatiivipuolue;
X10_fascist;Fascist Party;Parti Fasciste;Faschistische Partei;Partia Faszystowska;Partido Fascista;Partito Fascista;Fasiszta P0rt;Fa0istick0 Strana;Fasiszta P0rt;Fascistische Partij;Partido Fascista;;Fasistinenpuolue;
X10_liberal;Liberal Party;Parti Lib0ral;Liberale Partei;Partia Liberalna;Partido Liberal;Partito Liberale;Liber0lis P0rt;Liber0ln0 Strana;Liber0lis P0rt;Liberale Partij;Partido Liberal;;Liberaalipuolue;
X10_reactionary;National Party;Parti National;Nationale Partei;Partia Narodowa;Partido Nacional;Partito Nazionale;Nemzeti P0rt;N0rodn0 Strana;Nemzeti P0rt;Nationale Partij;Partido Nacional;;Kansallispuolue;
X10_socialist;Socialist Party;Parti Socialiste;Sozialistische Partei;Partia Socjalistyczna;Partido Socialista;Partito Socialista;Szocialista P0rt;Socialistick0 Strana;Szocialista P0rt;Socialistische Partij;Partido Socialista;;Sosialistinenpuolue;
X11;Ulster;Ulster;Ulster;Ulster;Úlster;Ulster;Ulster;Ulster;Ulster;Ulster;Ulster;Ulster;Ulster;
X11_ADJ;Ulstrian;ulstérienne;Ulsterisch;Ulstrian;ultoniano;Ulstrian;Ulstrian;Ulstrian;Ulstrian;Ulstrian;Ulstrian;Ulstrian;Ulstrian;
X11_radical;Radical Party;Parti Radical;Radikale Partei;Partia Radykalna;Partido Radical;Partito Radicale;Radik0lis P0rt;Radik0ln0 Strana;Radik0lis P0rt;Radicale Partij;Partido Radical;;Radikaalipuolue;
X11_communist;Communist Party;Parti Communiste;Kommunistische Partei;Partia Komunistyczna;Partido Comunista;Partito Comunista;Kommunista P0rt;Komunistick0 Strana;Kommunista P0rt;Communistische Partij;Partido Comunista;;Kommunistinenpuolue;
X11_conservative;Conservative Party;Parti Conservateur;Konservative Partei;Partia Konserwatywna;Partido Conservador;Partito Conservatore;Konzervat0v P0rt;Konzervativn0 Strana;Konzervat0v P0rt;Conservatieve Partij;Partido Conservador;;Konservatiivipuolue;
X11_fascist;Fascist Party;Parti Fasciste;Faschistische Partei;Partia Faszystowska;Partido Fascista;Partito Fascista;Fasiszta P0rt;Fa0istick0 Strana;Fasiszta P0rt;Fascistische Partij;Partido Fascista;;Fasistinenpuolue;
X11_liberal;Liberal Party;Parti Lib0ral;Liberale Partei;Partia Liberalna;Partido Liberal;Partito Liberale;Liber0lis P0rt;Liber0ln0 Strana;Liber0lis P0rt;Liberale Partij;Partido Liberal;;Liberaalipuolue;
X11_reactionary;National Party;Parti National;Nationale Partei;Partia Narodowa;Partido Nacional;Partito Nazionale;Nemzeti P0rt;N0rodn0 Strana;Nemzeti P0rt;Nationale Partij;Partido Nacional;;Kansallispuolue;
X11_socialist;Socialist Party;Parti Socialiste;Sozialistische Partei;Partia Socjalistyczna;Partido Socialista;Partito Socialista;Szocialista P0rt;Socialistick0 Strana;Szocialista P0rt;Socialistische Partij;Partido Socialista;;Sosialistinenpuolue;
XAL;Xalisco;Xalisco;Xalisco;Xalisco;Jalisco;Xalisco;Xalisco;Xalisco;Xalisco;Xalisco;Xalisco;Xalisco;Xalisco;
XAL_ADJ;Xaliscan;xaliscane;Xaliscanisch;Xaliscan;jalisciense;Xaliscan;Xaliscan;Xaliscan;Xaliscan;Xaliscan;Xaliscan;Xaliscan;Xaliscan;
XAL_radical;Radical Party;Parti Radical;Radikale Partei;Partia Radykalna;Partido Radical;Partito Radicale;Radik0lis P0rt;Radik0ln0 Strana;Radik0lis P0rt;Radicale Partij;Partido Radical;;Radikaalipuolue;
XAL_communist;Communist Party;Parti Communiste;Kommunistische Partei;Partia Komunistyczna;Partido Comunista;Partito Comunista;Kommunista P0rt;Komunistick0 Strana;Kommunista P0rt;Communistische Partij;Partido Comunista;;Kommunistinenpuolue;
XAL_conservative;Conservative Party;Parti Conservateur;Konservative Partei;Partia Konserwatywna;Partido Conservador;Partito Conservatore;Konzervat0v P0rt;Konzervativn0 Strana;Konzervat0v P0rt;Conservatieve Partij;Partido Conservador;;Konservatiivipuolue;
XAL_fascist;Fascist Party;Parti Fasciste;Faschistische Partei;Partia Faszystowska;Partido Fascista;Partito Fascista;Fasiszta P0rt;Fa0istick0 Strana;Fasiszta P0rt;Fascistische Partij;Partido Fascista;;Fasistinenpuolue;
XAL_liberal;Liberal Party;Parti Lib0ral;Liberale Partei;Partia Liberalna;Partido Liberal;Partito Liberale;Liber0lis P0rt;Liber0ln0 Strana;Liber0lis P0rt;Liberale Partij;Partido Liberal;;Liberaalipuolue;
XAL_reactionary;National Party;Parti National;Nationale Partei;Partia Narodowa;Partido Nacional;Partito Nazionale;Nemzeti P0rt;N0rodn0 Strana;Nemzeti P0rt;Nationale Partij;Partido Nacional;;Kansallispuolue;
XAL_socialist;Socialist Party;Parti Socialiste;Sozialistische Partei;Partia Socjalistyczna;Partido Socialista;Partito Socialista;Szocialista P0rt;Socialistick0 Strana;Szocialista P0rt;Socialistische Partij;Partido Socialista;;Sosialistinenpuolue;
XIU;Xiu;Xius;Tutul Xiu;Xiu;Xiu;Xiu;Xiu;Xiu;Xiu;Xiu;Xiu;Xiu;Xiu;
XIU_ADJ;Xiu;xiu;Tutul Xiuisch;Xiu;xiu;Xiu;Xiu;Xiu;Xiu;Xiu;Xiu;Xiu;Xiu;
XIU_radical;Radical Party;Parti Radical;Radikale Partei;Partia Radykalna;Partido Radical;Partito Radicale;Radik0lis P0rt;Radik0ln0 Strana;Radik0lis P0rt;Radicale Partij;Partido Radical;;Radikaalipuolue;
XIU_communist;Communist Party;Parti Communiste;Kommunistische Partei;Partia Komunistyczna;Partido Comunista;Partito Comunista;Kommunista P0rt;Komunistick0 Strana;Kommunista P0rt;Communistische Partij;Partido Comunista;;Kommunistinenpuolue;
XIU_conservative;Conservative Party;Parti Conservateur;Konservative Partei;Partia Konserwatywna;Partido Conservador;Partito Conservatore;Konzervat0v P0rt;Konzervativn0 Strana;Konzervat0v P0rt;Conservatieve Partij;Partido Conservador;;Konservatiivipuolue;
XIU_fascist;Fascist Party;Parti Fasciste;Faschistische Partei;Partia Faszystowska;Partido Fascista;Partito Fascista;Fasiszta P0rt;Fa0istick0 Strana;Fasiszta P0rt;Fascistische Partij;Partido Fascista;;Fasistinenpuolue;
XIU_liberal;Liberal Party;Parti Lib0ral;Liberale Partei;Partia Liberalna;Partido Liberal;Partito Liberale;Liber0lis P0rt;Liber0ln0 Strana;Liber0lis P0rt;Liberale Partij;Partido Liberal;;Liberaalipuolue;
XIU_reactionary;National Party;Parti National;Nationale Partei;Partia Narodowa;Partido Nacional;Partito Nazionale;Nemzeti P0rt;N0rodn0 Strana;Nemzeti P0rt;Nationale Partij;Partido Nacional;;Kansallispuolue;
XIU_socialist;Socialist Party;Parti Socialiste;Sozialistische Partei;Partia Socjalistyczna;Partido Socialista;Partito Socialista;Szocialista P0rt;Socialistick0 Strana;Szocialista P0rt;Socialistische Partij;Partido Socialista;;Sosialistinenpuolue;
YAO;Yao;Yao;Yao;Yao;Yao;Yao;Yao;Yao;Yao;Yao;Yao;Yao;Yao;
YAO_ADJ;Yao;yao;Yaoisch;Yao;yao;Yao;Yao;Yao;Yao;Yao;Yao;Yao;Yao;
YAO_radical;Radical Party;Parti Radical;Radikale Partei;Partia Radykalna;Partido Radical;Partito Radicale;Radik0lis P0rt;Radik0ln0 Strana;Radik0lis P0rt;Radicale Partij;Partido Radical;;Radikaalipuolue;
YAO_communist;Communist Party;Parti Communiste;Kommunistische Partei;Partia Komunistyczna;Partido Comunista;Partito Comunista;Kommunista P0rt;Komunistick0 Strana;Kommunista P0rt;Communistische Partij;Partido Comunista;;Kommunistinenpuolue;
YAO_conservative;Conservative Party;Parti Conservateur;Konservative Partei;Partia Konserwatywna;Partido Conservador;Partito Conservatore;Konzervat0v P0rt;Konzervativn0 Strana;Konzervat0v P0rt;Conservatieve Partij;Partido Conservador;;Konservatiivipuolue;
YAO_fascist;Fascist Party;Parti Fasciste;Faschistische Partei;Partia Faszystowska;Partido Fascista;Partito Fascista;Fasiszta P0rt;Fa0istick0 Strana;Fasiszta P0rt;Fascistische Partij;Partido Fascista;;Fasistinenpuolue;
YAO_liberal;Liberal Party;Parti Lib0ral;Liberale Partei;Partia Liberalna;Partido Liberal;Partito Liberale;Liber0lis P0rt;Liber0ln0 Strana;Liber0lis P0rt;Liberale Partij;Partido Liberal;;Liberaalipuolue;
YAO_reactionary;National Party;Parti National;Nationale Partei;Partia Narodowa;Partido Nacional;Partito Nazionale;Nemzeti P0rt;N0rodn0 Strana;Nemzeti P0rt;Nationale Partij;Partido Nacional;;Kansallispuolue;
YAO_socialist;Socialist Party;Parti Socialiste;Sozialistische Partei;Partia Socjalistyczna;Partido Socialista;Partito Socialista;Szocialista P0rt;Socialistick0 Strana;Szocialista P0rt;Socialistische Partij;Partido Socialista;;Sosialistinenpuolue;
YAQ;Yaqui;Yaquis;Yaqui;Yaqui;Yaqui;Yaqui;Yaqui;Yaqui;Yaqui;Yaqui;Yaqui;Yaqui;Yaqui;
YAQ_ADJ;Yaqui;yaquie;Yaquisch;Yaqui;yaqui;Yaqui;Yaqui;Yaqui;Yaqui;Yaqui;Yaqui;Yaqui;Yaqui;
YAQ_radical;Radical Party;Parti Radical;Radikale Partei;Partia Radykalna;Partido Radical;Partito Radicale;Radik0lis P0rt;Radik0ln0 Strana;Radik0lis P0rt;Radicale Partij;Partido Radical;;Radikaalipuolue;
YAQ_communist;Communist Party;Parti Communiste;Kommunistische Partei;Partia Komunistyczna;Partido Comunista;Partito Comunista;Kommunista P0rt;Komunistick0 Strana;Kommunista P0rt;Communistische Partij;Partido Comunista;;Kommunistinenpuolue;
YAQ_conservative;Conservative Party;Parti Conservateur;Konservative Partei;Partia Konserwatywna;Partido Conservador;Partito Conservatore;Konzervat0v P0rt;Konzervativn0 Strana;Konzervat0v P0rt;Conservatieve Partij;Partido Conservador;;Konservatiivipuolue;
YAQ_fascist;Fascist Party;Parti Fasciste;Faschistische Partei;Partia Faszystowska;Partido Fascista;Partito Fascista;Fasiszta P0rt;Fa0istick0 Strana;Fasiszta P0rt;Fascistische Partij;Partido Fascista;;Fasistinenpuolue;
YAQ_liberal;Liberal Party;Parti Lib0ral;Liberale Partei;Partia Liberalna;Partido Liberal;Partito Liberale;Liber0lis P0rt;Liber0ln0 Strana;Liber0lis P0rt;Liberale Partij;Partido Liberal;;Liberaalipuolue;
YAQ_reactionary;National Party;Parti National;Nationale Partei;Partia Narodowa;Partido Nacional;Partito Nazionale;Nemzeti P0rt;N0rodn0 Strana;Nemzeti P0rt;Nationale Partij;Partido Nacional;;Kansallispuolue;
YAQ_socialist;Socialist Party;Parti Socialiste;Sozialistische Partei;Partia Socjalistyczna;Partido Socialista;Partito Socialista;Szocialista P0rt;Socialistick0 Strana;Szocialista P0rt;Socialistische Partij;Partido Socialista;;Sosialistinenpuolue;
YAS;Yas;Banû Yâs;Yas;Yas;Yas;Yas;Yas;Yas;Yas;Yas;Yas;Yas;Yas;
YAS_ADJ;Yasi;al-yâsî;Yasisch;Yasi;yasí;Yasi;Yasi;Yasi;Yasi;Yasi;Yasi;Yasi;Yasi;
YAS_radical;Radical Party;Parti Radical;Radikale Partei;Partia Radykalna;Partido Radical;Partito Radicale;Radik0lis P0rt;Radik0ln0 Strana;Radik0lis P0rt;Radicale Partij;Partido Radical;;Radikaalipuolue;
YAS_communist;Communist Party;Parti Communiste;Kommunistische Partei;Partia Komunistyczna;Partido Comunista;Partito Comunista;Kommunista P0rt;Komunistick0 Strana;Kommunista P0rt;Communistische Partij;Partido Comunista;;Kommunistinenpuolue;
YAS_conservative;Conservative Party;Parti Conservateur;Konservative Partei;Partia Konserwatywna;Partido Conservador;Partito Conservatore;Konzervat0v P0rt;Konzervativn0 Strana;Konzervat0v P0rt;Conservatieve Partij;Partido Conservador;;Konservatiivipuolue;
YAS_fascist;Fascist Party;Parti Fasciste;Faschistische Partei;Partia Faszystowska;Partido Fascista;Partito Fascista;Fasiszta P0rt;Fa0istick0 Strana;Fasiszta P0rt;Fascistische Partij;Partido Fascista;;Fasistinenpuolue;
YAS_liberal;Liberal Party;Parti Lib0ral;Liberale Partei;Partia Liberalna;Partido Liberal;Partito Liberale;Liber0lis P0rt;Liber0ln0 Strana;Liber0lis P0rt;Liberale Partij;Partido Liberal;;Liberaalipuolue;
YAS_reactionary;National Party;Parti National;Nationale Partei;Partia Narodowa;Partido Nacional;Partito Nazionale;Nemzeti P0rt;N0rodn0 Strana;Nemzeti P0rt;Nationale Partij;Partido Nacional;;Kansallispuolue;
YAS_socialist;Socialist Party;Parti Socialiste;Sozialistische Partei;Partia Socjalistyczna;Partido Socialista;Partito Socialista;Szocialista P0rt;Socialistick0 Strana;Szocialista P0rt;Socialistische Partij;Partido Socialista;;Sosialistinenpuolue;
YKT;Yokuts;Yokuts;Yokuts;Yokuts;Yokuts;Yokuts;Yokuts;Yokuts;Yokuts;Yokuts;Yokuts;Yokuts;Yokuts;
YKT_ADJ;Yokuts;yokute;Yokutsisch;Yokuts;yokut;Yokuts;Yokuts;Yokuts;Yokuts;Yokuts;Yokuts;Yokuts;Yokuts;
YKT_radical;Radical Party;Parti Radical;Radikale Partei;Partia Radykalna;Partido Radical;Partito Radicale;Radik0lis P0rt;Radik0ln0 Strana;Radik0lis P0rt;Radicale Partij;Partido Radical;;Radikaalipuolue;
YKT_communist;Communist Party;Parti Communiste;Kommunistische Partei;Partia Komunistyczna;Partido Comunista;Partito Comunista;Kommunista P0rt;Komunistick0 Strana;Kommunista P0rt;Communistische Partij;Partido Comunista;;Kommunistinenpuolue;
YKT_conservative;Conservative Party;Parti Conservateur;Konservative Partei;Partia Konserwatywna;Partido Conservador;Partito Conservatore;Konzervat0v P0rt;Konzervativn0 Strana;Konzervat0v P0rt;Conservatieve Partij;Partido Conservador;;Konservatiivipuolue;
YKT_fascist;Fascist Party;Parti Fasciste;Faschistische Partei;Partia Faszystowska;Partido Fascista;Partito Fascista;Fasiszta P0rt;Fa0istick0 Strana;Fasiszta P0rt;Fascistische Partij;Partido Fascista;;Fasistinenpuolue;
YKT_liberal;Liberal Party;Parti Lib0ral;Liberale Partei;Partia Liberalna;Partido Liberal;Partito Liberale;Liber0lis P0rt;Liber0ln0 Strana;Liber0lis P0rt;Liberale Partij;Partido Liberal;;Liberaalipuolue;
YKT_reactionary;National Party;Parti National;Nationale Partei;Partia Narodowa;Partido Nacional;Partito Nazionale;Nemzeti P0rt;N0rodn0 Strana;Nemzeti P0rt;Nationale Partij;Partido Nacional;;Kansallispuolue;
YKT_socialist;Socialist Party;Parti Socialiste;Sozialistische Partei;Partia Socjalistyczna;Partido Socialista;Partito Socialista;Szocialista P0rt;Socialistick0 Strana;Szocialista P0rt;Socialistische Partij;Partido Socialista;;Sosialistinenpuolue;
YOK;Yokotan;Chontals;Yokotan;Yokotan;Yocot'an;Yokotan;Yokotan;Yokotan;Yokotan;Yokotan;Yokotan;Yokotan;Yokotan;
YOK_ADJ;Yokotan;chontale;Yokotanisch;Yokotan;yocotano;Yokotan;Yokotan;Yokotan;Yokotan;Yokotan;Yokotan;Yokotan;Yokotan;
YOK_radical;Radical Party;Parti Radical;Radikale Partei;Partia Radykalna;Partido Radical;Partito Radicale;Radik0lis P0rt;Radik0ln0 Strana;Radik0lis P0rt;Radicale Partij;Partido Radical;;Radikaalipuolue;
YOK_communist;Communist Party;Parti Communiste;Kommunistische Partei;Partia Komunistyczna;Partido Comunista;Partito Comunista;Kommunista P0rt;Komunistick0 Strana;Kommunista P0rt;Communistische Partij;Partido Comunista;;Kommunistinenpuolue;
YOK_conservative;Conservative Party;Parti Conservateur;Konservative Partei;Partia Konserwatywna;Partido Conservador;Partito Conservatore;Konzervat0v P0rt;Konzervativn0 Strana;Konzervat0v P0rt;Conservatieve Partij;Partido Conservador;;Konservatiivipuolue;
YOK_fascist;Fascist Party;Parti Fasciste;Faschistische Partei;Partia Faszystowska;Partido Fascista;Partito Fascista;Fasiszta P0rt;Fa0istick0 Strana;Fasiszta P0rt;Fascistische Partij;Partido Fascista;;Fasistinenpuolue;
YOK_liberal;Liberal Party;Parti Lib0ral;Liberale Partei;Partia Liberalna;Partido Liberal;Partito Liberale;Liber0lis P0rt;Liber0ln0 Strana;Liber0lis P0rt;Liberale Partij;Partido Liberal;;Liberaalipuolue;
YOK_reactionary;National Party;Parti National;Nationale Partei;Partia Narodowa;Partido Nacional;Partito Nazionale;Nemzeti P0rt;N0rodn0 Strana;Nemzeti P0rt;Nationale Partij;Partido Nacional;;Kansallispuolue;
YOK_socialist;Socialist Party;Parti Socialiste;Sozialistische Partei;Partia Socjalistyczna;Partido Socialista;Partito Socialista;Szocialista P0rt;Socialistick0 Strana;Szocialista P0rt;Socialistische Partij;Partido Socialista;;Sosialistinenpuolue;
YRK_radical;Radical Party;Parti Radical;Radikale Partei;Partia Radykalna;Partido Radical;Partito Radicale;Radik0lis P0rt;Radik0ln0 Strana;Radik0lis P0rt;Radicale Partij;Partido Radical;;Radikaalipuolue;
YRK_communist;Communist Party;Parti Communiste;Kommunistische Partei;Partia Komunistyczna;Partido Comunista;Partito Comunista;Kommunista P0rt;Komunistick0 Strana;Kommunista P0rt;Communistische Partij;Partido Comunista;;Kommunistinenpuolue;
YRK_conservative;Conservative Party;Parti Conservateur;Konservative Partei;Partia Konserwatywna;Partido Conservador;Partito Conservatore;Konzervat0v P0rt;Konzervativn0 Strana;Konzervat0v P0rt;Conservatieve Partij;Partido Conservador;;Konservatiivipuolue;
YRK_fascist;Fascist Party;Parti Fasciste;Faschistische Partei;Partia Faszystowska;Partido Fascista;Partito Fascista;Fasiszta P0rt;Fa0istick0 Strana;Fasiszta P0rt;Fascistische Partij;Partido Fascista;;Fasistinenpuolue;
YRK_liberal;Liberal Party;Parti Lib0ral;Liberale Partei;Partia Liberalna;Partido Liberal;Partito Liberale;Liber0lis P0rt;Liber0ln0 Strana;Liber0lis P0rt;Liberale Partij;Partido Liberal;;Liberaalipuolue;
YRK_reactionary;National Party;Parti National;Nationale Partei;Partia Narodowa;Partido Nacional;Partito Nazionale;Nemzeti P0rt;N0rodn0 Strana;Nemzeti P0rt;Nationale Partij;Partido Nacional;;Kansallispuolue;
YRK_socialist;Socialist Party;Parti Socialiste;Sozialistische Partei;Partia Socjalistyczna;Partido Socialista;Partito Socialista;Szocialista P0rt;Socialistick0 Strana;Szocialista P0rt;Socialistische Partij;Partido Socialista;;Sosialistinenpuolue;
YUE;Yue;Yue;Yue;Yue;Yue;Yue;Yue;Yue;Yue;Yue;Yue;Yue;Yue;
YUE_ADJ;Yue;Yue;Yueisch;Yue;yue;Yue;Yue;Yue;Yue;Yue;Yue;Yue;Yue;
YUE_radical;Radical Party;Parti Radical;Radikale Partei;Partia Radykalna;Partido Radical;Partito Radicale;Radik0lis P0rt;Radik0ln0 Strana;Radik0lis P0rt;Radicale Partij;Partido Radical;;Radikaalipuolue;
YUE_communist;Communist Party;Parti Communiste;Kommunistische Partei;Partia Komunistyczna;Partido Comunista;Partito Comunista;Kommunista P0rt;Komunistick0 Strana;Kommunista P0rt;Communistische Partij;Partido Comunista;;Kommunistinenpuolue;
YUE_conservative;Conservative Party;Parti Conservateur;Konservative Partei;Partia Konserwatywna;Partido Conservador;Partito Conservatore;Konzervat0v P0rt;Konzervativn0 Strana;Konzervat0v P0rt;Conservatieve Partij;Partido Conservador;;Konservatiivipuolue;
YUE_fascist;Fascist Party;Parti Fasciste;Faschistische Partei;Partia Faszystowska;Partido Fascista;Partito Fascista;Fasiszta P0rt;Fa0istick0 Strana;Fasiszta P0rt;Fascistische Partij;Partido Fascista;;Fasistinenpuolue;
YUE_liberal;Liberal Party;Parti Lib0ral;Liberale Partei;Partia Liberalna;Partido Liberal;Partito Liberale;Liber0lis P0rt;Liber0ln0 Strana;Liber0lis P0rt;Liberale Partij;Partido Liberal;;Liberaalipuolue;
YUE_reactionary;National Party;Parti National;Nationale Partei;Partia Narodowa;Partido Nacional;Partito Nazionale;Nemzeti P0rt;N0rodn0 Strana;Nemzeti P0rt;Nationale Partij;Partido Nacional;;Kansallispuolue;
YUE_socialist;Socialist Party;Parti Socialiste;Sozialistische Partei;Partia Socjalistyczna;Partido Socialista;Partito Socialista;Szocialista P0rt;Socialistick0 Strana;Szocialista P0rt;Socialistische Partij;Partido Socialista;;Sosialistinenpuolue;
ZAF;Macina;Macina;Massina;Zafunu;Masina;Zafunu;Zafunu;Zafunu;Zafunu;Zafunu;Zafunu;Zafunu;Zafunu;
ZAF_ADJ;Macina;macina;Massinaisch;Macina;masino;Macina;Macina;Macina;Macina;Macina;Macina;Macina;Macina;
ZAF_radical;Radical Party;Parti Radical;Radikale Partei;Partia Radykalna;Partido Radical;Partito Radicale;Radik0lis P0rt;Radik0ln0 Strana;Radik0lis P0rt;Radicale Partij;Partido Radical;;Radikaalipuolue;
ZAF_communist;Communist Party;Parti Communiste;Kommunistische Partei;Partia Komunistyczna;Partido Comunista;Partito Comunista;Kommunista P0rt;Komunistick0 Strana;Kommunista P0rt;Communistische Partij;Partido Comunista;;Kommunistinenpuolue;
ZAF_conservative;Conservative Party;Parti Conservateur;Konservative Partei;Partia Konserwatywna;Partido Conservador;Partito Conservatore;Konzervat0v P0rt;Konzervativn0 Strana;Konzervat0v P0rt;Conservatieve Partij;Partido Conservador;;Konservatiivipuolue;
ZAF_fascist;Fascist Party;Parti Fasciste;Faschistische Partei;Partia Faszystowska;Partido Fascista;Partito Fascista;Fasiszta P0rt;Fa0istick0 Strana;Fasiszta P0rt;Fascistische Partij;Partido Fascista;;Fasistinenpuolue;
ZAF_liberal;Liberal Party;Parti Lib0ral;Liberale Partei;Partia Liberalna;Partido Liberal;Partito Liberale;Liber0lis P0rt;Liber0ln0 Strana;Liber0lis P0rt;Liberale Partij;Partido Liberal;;Liberaalipuolue;
ZAF_reactionary;National Party;Parti National;Nationale Partei;Partia Narodowa;Partido Nacional;Partito Nazionale;Nemzeti P0rt;N0rodn0 Strana;Nemzeti P0rt;Nationale Partij;Partido Nacional;;Kansallispuolue;
ZAF_socialist;Socialist Party;Parti Socialiste;Sozialistische Partei;Partia Socjalistyczna;Partido Socialista;Partito Socialista;Szocialista P0rt;Socialistick0 Strana;Szocialista P0rt;Socialistische Partij;Partido Socialista;;Sosialistinenpuolue;
ZNI;Zuni;Zunis;Zuni;Zuni;Zuñi;Zuni;Zuni;Zuni;Zuni;Zuni;Zuni;Zuni;Zuni;
ZNI_ADJ;Zuni;zunie;Zunisch;Zuni;zuñi;Zuni;Zuni;Zuni;Zuni;Zuni;Zuni;Zuni;Zuni;
ZNI_radical;Radical Party;Parti Radical;Radikale Partei;Partia Radykalna;Partido Radical;Partito Radicale;Radik0lis P0rt;Radik0ln0 Strana;Radik0lis P0rt;Radicale Partij;Partido Radical;;Radikaalipuolue;
ZNI_communist;Communist Party;Parti Communiste;Kommunistische Partei;Partia Komunistyczna;Partido Comunista;Partito Comunista;Kommunista P0rt;Komunistick0 Strana;Kommunista P0rt;Communistische Partij;Partido Comunista;;Kommunistinenpuolue;
ZNI_conservative;Conservative Party;Parti Conservateur;Konservative Partei;Partia Konserwatywna;Partido Conservador;Partito Conservatore;Konzervat0v P0rt;Konzervativn0 Strana;Konzervat0v P0rt;Conservatieve Partij;Partido Conservador;;Konservatiivipuolue;
ZNI_fascist;Fascist Party;Parti Fasciste;Faschistische Partei;Partia Faszystowska;Partido Fascista;Partito Fascista;Fasiszta P0rt;Fa0istick0 Strana;Fasiszta P0rt;Fascistische Partij;Partido Fascista;;Fasistinenpuolue;
ZNI_liberal;Liberal Party;Parti Lib0ral;Liberale Partei;Partia Liberalna;Partido Liberal;Partito Liberale;Liber0lis P0rt;Liber0ln0 Strana;Liber0lis P0rt;Liberale Partij;Partido Liberal;;Liberaalipuolue;
ZNI_reactionary;National Party;Parti National;Nationale Partei;Partia Narodowa;Partido Nacional;Partito Nazionale;Nemzeti P0rt;N0rodn0 Strana;Nemzeti P0rt;Nationale Partij;Partido Nacional;;Kansallispuolue;
ZNI_socialist;Socialist Party;Parti Socialiste;Sozialistische Partei;Partia Socjalistyczna;Partido Socialista;Partito Socialista;Szocialista P0rt;Socialistick0 Strana;Szocialista P0rt;Socialistische Partij;Partido Socialista;;Sosialistinenpuolue;
ZZZ;Zazzau;Zazzau;Zazzau;Zazzau;Zazzau;Zazzau;Zazzau;Zazzau;Zazzau;Zazzau;Zazzau;Zazzau;Zazzau;
ZZZ_ADJ;Zazzauan;zazzau;Zazzauisch;Zazzauan;zazzauano;Zazzauan;Zazzauan;Zazzauan;Zazzauan;Zazzauan;Zazzauan;Zazzauan;Zazzauan;
ZZZ_radical;Radical Party;Parti Radical;Radikale Partei;Partia Radykalna;Partido Radical;Partito Radicale;Radik0lis P0rt;Radik0ln0 Strana;Radik0lis P0rt;Radicale Partij;Partido Radical;;Radikaalipuolue;
ZZZ_communist;Communist Party;Parti Communiste;Kommunistische Partei;Partia Komunistyczna;Partido Comunista;Partito Comunista;Kommunista P0rt;Komunistick0 Strana;Kommunista P0rt;Communistische Partij;Partido Comunista;;Kommunistinenpuolue;
ZZZ_conservative;Conservative Party;Parti Conservateur;Konservative Partei;Partia Konserwatywna;Partido Conservador;Partito Conservatore;Konzervat0v P0rt;Konzervativn0 Strana;Konzervat0v P0rt;Conservatieve Partij;Partido Conservador;;Konservatiivipuolue;
ZZZ_fascist;Fascist Party;Parti Fasciste;Faschistische Partei;Partia Faszystowska;Partido Fascista;Partito Fascista;Fasiszta P0rt;Fa0istick0 Strana;Fasiszta P0rt;Fascistische Partij;Partido Fascista;;Fasistinenpuolue;
ZZZ_liberal;Liberal Party;Parti Lib0ral;Liberale Partei;Partia Liberalna;Partido Liberal;Partito Liberale;Liber0lis P0rt;Liber0ln0 Strana;Liber0lis P0rt;Liberale Partij;Partido Liberal;;Liberaalipuolue;
ZZZ_reactionary;National Party;Parti National;Nationale Partei;Partia Narodowa;Partido Nacional;Partito Nazionale;Nemzeti P0rt;N0rodn0 Strana;Nemzeti P0rt;Nationale Partij;Partido Nacional;;Kansallispuolue;
ZZZ_socialist;Socialist Party;Parti Socialiste;Sozialistische Partei;Partia Socjalistyczna;Partido Socialista;Partito Socialista;Szocialista P0rt;Socialistick0 Strana;Szocialista P0rt;Socialistische Partij;Partido Socialista;;Sosialistinenpuolue;
RAV;Ravensburg;;;;;;;;;;;;;
RAV_ADJ;Ravensburgian;;;;;;;;;;;;;
LNE;Luneburg;;;;;;;;;;;;;
LNE_ADJ;Luneburgian;;;;;;;;;;;;;
FZN;Fezzan;;;;;;;;;;;;;
FZN_ADJ;Fezzani;;;;;;;;;;;;;
KNO;Kano;;;;;;;;;;;;;
KNO_ADJ;Kanoese;;;;;;;;;;;;;
KAT;Katsina;;;;;;;;;;;;;
KAT_ADJ;Katsin;;;;;;;;;;;;;
ZAR;Zaria;;;;;;;;;;;;;
ZAR_ADJ;Zarian;;;;;;;;;;;;;
MSA;Massa;;;;;;;;;;;;;
MSA_ADJ;Massan;;;;;;;;;;;;;
TNJ;Thanjavur;;;;;;;;;;;;;
TNJ_ADJ;Thanjavur;;;;;;;;;;;;;
CHG;Chitradurga;;;;;;;;;;;;;
CHG_ADJ;Chitradurgan;;;;;;;;;;;;;
COC;Cochin;;;;;;;;;;;;;
COC_ADJ;Cochinese;;;;;;;;;;;;;
CIT;Calicut;;;;;;;;;;;;;
CIT_ADJ;Calicutan;;;;;;;;;;;;;
KLD;Keladi;;;;;;;;;;;;;
KLD_ADJ;Keladi;;;;;;;;;;;;;
MGW;Maguindanao;;;;;;;;;;;;;
MGW_ADJ;Maguindanaon;;;;;;;;;;;;;
LAR;Larantuka;;;;;;;;;;;;;
LAR_absolute_monarchy;The Kingdom of Larantuka;;;;;;;;;;;;;
LAR_ADJ;Larantuka;;;;;;;;;;;;;
